tree
version=v4
num_class=1
num_tree_per_iteration=1
label_index=0
max_feature_idx=44
objective=regression
feature_names=latitude longitude is_ocean elev_proxy_m coastal region_id season_id lead_days lead_bucket_id regime_id mae7_climatology mae7_persistence mae7_recent3 mae7_anom_persistence rmse30_climatology rmse30_persistence rmse30_recent3 rmse30_anom_persistence regmae_climatology regmae_persistence regmae_recent3 regmae_anom_persistence now_tp_mm now_t2m_C_mean now_t2m_C_max now_wind_speed_mean now_wind_speed_max now_msl_hPa_mean now_msl_hPa_min now_tcc_mean now_cape_max now_rh_pct_mean now_blh_mean now_ssrd_MJ now_msl_anom now_tp3 now_tp7 now_target_tendency now_anomaly expert_spread expert_range exp_climatology exp_persistence exp_recent3 exp_anom_persistence
feature_infos=[7:37] [68:97] [0:1] [0:5388.1943359375] [0:1] -1:702:804:803:705:406:401:203:901:106:505:704:602:206:205:6:7:8:604:707:805:104:300:501:303:308:0:100:108:408:500:101:207:306:503:301:202:607:608:807:900:907:1:208:508:403:407:102:307:806:902:302:2:3:603:605:903:905:908:400:404:506:606:103:200:201:507:700:701:808:904:4:405:706:708:802:504:703:107:801:204:601:502:105:304:402:800:906:305:600:5:509:609:209:409:9:809:309:909:109:709:1003:1006:1000:1008:1005:1004:1001:1002:1007 none [1:3] -1:1:2 -1:5:4:3:0 [0:34.706146240234375] [0:49.684520721435547] [0:57.617183685302734] [0:49.386402130126953] [0:53.632675170898438] [0:71.523063659667969] [0:60.678939819335938] [0:71.535430908203125] [0.00012477797281462699:6.6778354644775391] [0.00010276662942487746:7.7843475341796875] [0.00011037896911147982:7.5340237617492676] [0.0001088123390218243:7.7562274932861328] [0:143.44882202148438] [-37.324451446533203:31.430084228515625] [-33.808303833007812:38.292694091796875] [0.11583654582500458:10.960763931274414] [0.16163851320743561:16.384567260742188] [996.76141357421875:1049.922607421875] [989.30810546875:1047.996826171875] [0:1] [0:3380.375] [3.704559326171875:99.289833068847656] [8.8216218948364258:3198.65087890625] [0.30067199468612671:27.308927536010742] [-24.2574462890625:32.38311767578125] [0:76.96533203125] [0:248.59428405761719] [-116.66679382324219:127.08377075195312] [-18.638896942138672:143.0977783203125] [0:61.236034393310547] [0:143.13339233398438] [0:24.551664352416992] [0:143.44882202148438] [0:76.96533203125] [0:143.53652954101562]
tree_sizes=2912 3025 3807 3651 3826 3735 3009 3680 3013 3547 3682 3546 3048 3029 3057 3583 3801 3738 3026 3818 3575 3809 3689 3860 3740

Tree=0
num_leaves=31
num_cat=0
split_feature=22 36 7 22 20 28 34 14 1 7 16 16 28 38 36 25 26 1 20 20 20 33 16 15 14 3 22 24 22 20
split_gain=328815 45569.1 30197.4 18026.5 7626.91 5914.71 5701.51 5511.85 6161.99 5144.15 4618.47 3241.12 2007.6 1321.75 1242.41 879.375 619.672 375.951 347.616 315.089 285.771 248.585 222.094 216.575 148.559 189.264 94.8103 89.0551 86.4083 80.9585
threshold=4.753589630126954 3.6377907991409306 1.5000000000000002 1.7409324645996096 1.0151424407958987 1010.7402954101564 -0.057464599609374993 1.6918373107910158 74.750000000000014 1.5000000000000002 0.019404402002692226 1.4080193638801577 1012.5459594726564 -0.48162625730037684 0.64229965209960949 6.4070498943328866 2.1497938632965092 90.750000000000014 0.92358064651489269 0.16474020481109622 0.3396968692541123 19.197888374328617 10.09636163711548 1.6936042904853823 0.55771484971046459 1373.9942626953127 0.1330375671386719 27.753555297851566 0.012874603271484377 0.15023823827505114
decision_type=2 2 2 2 2 2 2 2 2 2 10 10 2 2 2 2 2 2 2 2 2 2 8 10 2 2 2 2 2 2
left_child=1 4 -2 5 14 11 -5 18 -9 -10 -6 -3 15 16 19 17 -14 26 -7 -1 29 -13 28 -19 -22 -26 -12 -23 -21 -16
right_child=2 3 -4 6 10 7 -8 8 9 -11 12 21 13 -15 20 -17 -18 23 -20 22 24 27 -24 -25 25 -27 -28 -29 -30 -31
leaf_value=0.66538310414011548 1.2126334891736181 0.75297457528415668 0.97720819110229096 0.77515852519664052 0.77167124904592865 0.68950428100103223 0.87366655110617275 0.70809023507072677 0.73733483101049357 0.83802408753914137 0.67164788729972058 0.69808156243579444 0.7198475165440299 0.74986952788539318 0.66791759093068948 0.71446874353866274 0.68422954633471378 0.68130997797691961 0.71722758880518045 0.66874018550242775 0.68113539575033266 0.67317475420343587 0.68477455054745429 0.70392808604493384 0.68316531349400389 0.70356572412862917 0.68370561515193784 0.68503294310267759 0.67629639490310467 0.67731327805360608
leaf_weight=69488 2156 2012 3838 3206 2049 2439 2746 2624 2010 3475 7834 2012 2417 2032 3611 2051 2448 2226 2091 20577 7948 3915 2934 2003 2481 2085 2116 2733 4846 6795
leaf_count=69488 2156 2012 3838 3206 2049 2439 2746 2624 2010 3475 7834 2012 2417 2032 3611 2051 2448 2226 2091 20577 7948 3915 2934 2003 2481 2085 2116 2733 4846 6795
internal_value=0.698764 0.686297 1.0626 0.743233 0.674878 0.723378 0.820823 0.746507 0.771161 0.801263 0.699912 0.695967 0.693526 0.716108 0.66966 0.683925 0.701931 0.679499 0.702313 0.667204 0.680152 0.682676 0.671676 0.692009 0.685263 0.69247 0.674194 0.678021 0.670171 0.674026
internal_weight=181198 175204 5994 29263 145941 23311 5952 12639 8109 5485 25176 10672 23127 6897 120765 16230 4865 14179 4530 97845 22920 8660 28357 4229 12514 4566 9950 6648 25423 10406
internal_count=181198 175204 5994 29263 145941 23311 5952 12639 8109 5485 25176 10672 23127 6897 120765 16230 4865 14179 4530 97845 22920 8660 28357 4229 12514 4566 9950 6648 25423 10406
is_linear=0
shrinkage=1


Tree=1
num_leaves=31
num_cat=0
split_feature=22 22 18 18 18 15 41 3 41 11 38 34 18 11 22 29 3 23 33 41 28 33 18 33 22 21 33 1 30 41
split_gain=290970 39590.9 37567.9 17060.2 11698.4 20054.4 8064.16 5938.35 4544.1 3418.88 2365.63 1610.91 1572.77 1278.75 751.533 685.864 616.777 462.5 436.105 371.578 254.691 268.011 190.393 182.605 176.027 145.506 94.7596 78.7474 68.7956 56.6573
threshold=4.753589630126954 1.0542869567871096 3.2294188737869267 1.4133055210113528 3.2294188737869267 7.114246368408204 0.22522195428609851 921.53500366210949 3.7023377418518071 1.4503342509269717 -0.30028563737869257 2.3810119628906254 0.30615070462226873 1.0719980597496035 0.37336349487304693 0.66007614135742199 658.24862670898449 27.656127929687504 16.548095703125004 1.7357213497161867 1016.6821899414064 15.166272163391115 0.14060149341821673 16.154303550720218 0.064373016357421889 3.8076558113098149 16.852031707763675 84.750000000000014 1.0000000180025095e-35 0.38492220640182501
decision_type=2 2 2 2 2 10 2 2 2 2 2 2 2 2 2 2 2 2 2 2 2 2 2 2 2 2 2 2 2 2
left_child=1 3 -2 12 9 -6 -5 10 11 16 14 19 22 15 17 20 -3 18 -8 -9 24 -22 -1 -17 -14 -20 27 -24 -28 -26
right_child=2 4 -4 6 5 -7 7 8 -10 -11 -12 -13 13 -15 -16 23 -18 -19 25 -21 21 -23 26 -25 29 -27 28 -29 -30 -31
leaf_value=-0.032496187883979046 0.20320930109689683 -0.0069773813394659115 0.45802044407951553 0.092744698276176651 0.25654410136230799 0.047163692582282188 -3.8998742755538933e-05 -0.010112489652327134 0.10254551831281827 0.088860913537666911 0.042857360983796444 0.04355158316469393 -0.028404152696670171 0.019470961927807114 0.010441178233337347 -0.012921555566391208 0.028366981623237444 0.0016631396379356473 -0.026098432397058946 0.017523429386080456 -0.027611801406284272 -0.004408470111715644 -0.014141269398100662 0.0043990773743884893 -0.022836812326422588 -0.014881537652645284 -0.031839385125310309 -0.025676599550990234 -0.025181817744776281 -0.010917237946706139
leaf_weight=62470 2640 2097 3265 2763 2010 2649 2356 3038 2016 2155 2004 3937 19628 2062 2836 3846 2979 2851 11151 2014 2128 2989 2080 2507 2009 3970 10776 5532 6538 2039
leaf_count=62470 2640 2097 3265 2763 2010 2649 2356 3038 2016 2155 2004 3937 19628 2062 2836 3846 2979 2851 11151 2014 2128 2989 2080 2507 2009 3970 10776 5532 6538 2039
internal_value=-0.000282249 -0.0119112 0.344636 -0.0183174 0.0761428 0.137851 0.0105701 0.00426949 0.0348888 0.036248 -0.00912768 0.019618 -0.0273442 -0.0187259 -0.0136416 -0.0209718 0.0137805 -0.017005 -0.0200495 0.000917533 -0.0242521 -0.014093 -0.0310108 -0.00609037 -0.0264408 -0.0231652 -0.0272764 -0.0225472 -0.0293414 -0.0168746
internal_weight=181335 175430 5905 163540 11890 4659 38936 36173 11005 7231 25168 8989 124604 37208 23164 35146 5076 20328 17477 5052 28793 5117 87396 6353 23676 15121 24926 7612 17314 4048
internal_count=181335 175430 5905 163540 11890 4659 38936 36173 11005 7231 25168 8989 124604 37208 23164 35146 5076 20328 17477 5052 28793 5117 87396 6353 23676 15121 24926 7612 17314 4048
is_linear=0
shrinkage=0.05


Tree=2
num_leaves=31
num_cat=12
split_feature=22 5 5 38 28 16 5 35 5 5 5 16 29 26 5 5 22 5 28 14 41 5 27 22 5 16 5 41 17 27
split_gain=269356 67241.2 41902 31919.6 6835.52 6450.87 6160.05 6049.09 4168.85 2825.38 2709.94 1755.63 1148.24 1011.77 819.661 608.755 397.772 320.186 288.582 282.763 190.247 178.44 172.073 129.912 107.665 83.0046 71.3908 64.755 37.5935 36.2315
threshold=4.4417381286621103 0 1 -0.025701522827148434 1015.0821838378907 14.259935379028322 2 1.3241767883300783 3 4 5 2.6415972709655766 0.60419082641601574 7.3983998298645028 6 7 0.25320053100585943 8 1016.6821899414064 0.52184274792671215 1.1239808797836306 9 1010.916229248047 0.012874603271484377 10 10.508128166198732 11 2.867335438728333 0.08270572125911714 1014.6683654785157
decision_type=2 9 9 2 2 8 9 2 9 9 9 10 2 2 9 9 2 9 2 2 2 9 2 2 9 8 9 2 10 2
left_child=2 -2 3 4 5 9 -6 10 -9 -1 12 -8 16 15 -14 22 18 23 20 -16 26 -20 -11 25 -25 29 -4 -17 -28 -12
right_child=1 -3 7 -5 6 -7 11 8 -10 13 17 -13 14 -15 19 27 -18 -19 21 -21 -22 -23 -24 24 -26 -27 28 -29 -30 -31
leaf_value=0.05260420268164584 0.50262576609448473 0.17260736517330738 -0.016698931548520726 0.18526847010328609 0.13784127214438316 0.087479988194910471 0.010180881736043019 0.084531860426087568 -0.0072416867240972351 -0.01431787242272238 -0.028968115616423193 0.069770472818825285 0.028872638790590023 0.023320524573055751 -0.015775925013797595 -0.027551012850524709 0.00014902408606801647 -0.030569968545233028 0.0012282412080006524 0.0045109902188042806 -0.01017253072597942 -0.016932041525301224 0.0034384944109949935 -0.010499379059326431 -0.022743349675882797 -0.018829712899962669 -0.020558645689372601 -0.016963006037639956 -0.028196349185011384 -0.024034104447821353
leaf_weight=2053 2800 3530 2202 3441 2067 2262 2921 2096 2980 2098 15678 2138 2238 2011 3502 5089 2724 70932 2104 3355 2385 3781 3860 2483 7422 3112 2069 2110 10497 5424
leaf_count=2053 2800 3530 2202 3441 2067 2262 2921 2096 2980 2098 15678 2138 2238 2011 3502 5089 2724 70932 2104 3355 2385 3781 3860 2483 7422 3112 2069 2110 10497 5424
internal_value=5.75876e-05 0.320215 -0.0115383 0.0421802 0.0236296 0.0082909 0.0654963 -0.0226757 0.0308974 -0.00215542 -0.0246231 0.0353824 -0.0125252 -0.00962526 0.00274232 -0.0146821 -0.0179191 -0.0286318 -0.0200546 -0.00584929 -0.0233333 -0.010475 -0.00282287 -0.024587 -0.0197212 -0.0265786 -0.0254504 -0.0244416 -0.0269347 -0.0277119
internal_weight=181364 6330 175034 30050 26609 19483 7126 144984 5076 17221 139908 5059 34857 15168 9095 13157 25762 105051 23038 6857 17153 5885 5958 34119 9905 24214 14768 7199 12566 21102
internal_count=181364 6330 175034 30050 26609 19483 7126 144984 5076 17221 139908 5059 34857 15168 9095 13157 25762 105051 23038 6857 17153 5885 5958 34119 9905 24214 14768 7199 12566 21102
cat_boundaries=0 26 55 81 107 136 168 200 229 261 290 322 354
cat_threshold=121 0 0 1536 0 0 0 0 0 0 0 0 0 0 0 0 0 0 1073741824 0 0 2147483648 33 0 0 12 952 0 0 768 0 0 0 0 0 0 0 0 0 0 0 0 0 0 0 1 0 3221225472 51 0 0 12 0 0 96 0 0 0 0 0 0 0 0 0 0 0 0 0 0 0 0 0 0 0 0 0 3221225472 33 0 0 4 67 0 0 1040 0 0 0 0 0 0 0 0 0 0 0 0 0 0 3221225472 0 0 0 12 0 0 768 0 0 0 0 0 0 0 0 0 0 0 0 0 0 0 0 0 0 0 1 0 0 48 0 0 0 0 0 64 69 0 0 144 0 0 8192 0 0 0 0 0 0 0 0 0 0 0 2281701376 2 0 536870912 8 0 0 785 0 0 3984 0 0 52992 0 0 0 16 0 0 8192 0 0 0 0 0 0 0 0 0 0 0 2147483648 0 0 536870912 8 0 0 529 0 0 0 0 0 768 912 0 0 0 0 0 0 0 0 0 0 0 0 0 0 0 0 0 0 0 0 0 2 0 0 12 0 0 32 2 0 0 11328 0 0 20480 0 0 0 0 0 0 0 0 402653184 0 0 1442840576 0 0 0 4 0 0 226 0 0 12288 0 0 73728 0 0 0 0 0 0 0 0 0 0 0 0 0 0 0 0 0 0 134217728 0 0 0 8 0 0 272 0 0 528 0 0 0 0 0 0 4096 0 0 0 0 0 0 0 0 268435456 0 0 1107296256 0 0 0 4 0 0 130 0 0 0 0 0 8192 4 0 0 0 0 0 0 0 0 0 0 0 0 0 0 0 0 0 0 0 0 0 0 0 0 512 0 0 912 0 0 51200
is_linear=0
shrinkage=0.05


Tree=3
num_leaves=31
num_cat=9
split_feature=35 5 41 5 41 35 5 24 5 16 35 35 34 40 5 27 33 5 27 11 5 33 31 5 35 27 41 5 41 33
split_gain=194386 57429.5 41081.4 32265.1 15016.7 9537.62 7120.4 4193.67 4165.83 3599.39 1279.59 1139.61 890.88 728.465 661.116 620.751 471.622 1025.39 247.235 230.177 183.687 142.711 298.936 134.937 130.182 200.387 112.23 100.096 62.2778 59.3407
threshold=2.3961067199707036 0 3.0225563049316411 1 0.35597597062587744 0.93221664428710949 2 18.380096435546879 3 2.3730555772781377 1.3241767883300783 0.12350082397460939 -0.47616577148437494 0.69970175623893749 4 1010.7256774902345 16.768704414367679 5 1016.6221313476564 0.017370496876537803 6 17.874239921569828 71.876701354980483 7 0.0023841857910156254 1012.8264770507814 0.48722966015338903 8 0.37053653597831732 17.647680282592777
decision_type=2 9 2 9 2 2 9 2 9 10 2 2 2 2 9 2 2 9 2 2 9 2 2 9 2 2 2 9 2 2
left_child=3 2 -2 4 -1 7 -3 9 10 12 13 29 -6 19 15 -15 17 -10 -17 -5 24 23 -23 -21 -18 -26 -19 -16 -25 -9
right_child=1 6 -4 8 5 -7 -8 11 16 -11 -12 -13 -14 14 27 18 20 26 -20 21 -22 22 -24 28 25 -27 -28 -29 -30 -31
leaf_value=0.14882754299777998 0.46104133959504578 0.13647345606462122 0.18918338607418211 -0.027731287633251167 -0.0093169310496870727 0.099513780225862991 0.018941269643853537 -0.015909506318179566 0.01212922686734976 0.092217867312591739 0.025994742286861799 0.015375075375908846 0.037045998418626984 -0.0123862956524672 -0.018513358881702979 0.029968784937197741 -0.027295557963257805 -0.025239125912328759 0.0077238192200192084 -0.0065645384008506634 -0.029175277784137244 0.0047455254397978505 -0.020853353881933549 -0.024536658725440683 -0.023334690513464016 -0.0046091323386026938 -0.013292617352768751 -0.0073647493358597535 -0.015657887338966794 -0.026403687830322431
leaf_weight=2903 2610 2933 3011 3732 2112 3656 2316 2022 2248 2222 2659 2719 2018 2317 3108 2499 8203 15275 2506 2415 75558 2591 2023 4100 4949 2015 2298 5877 3988 4447
leaf_count=2903 2610 2933 3011 3732 2112 3656 2316 2022 2248 2222 2659 2719 2018 2317 3108 2499 8203 15275 2506 2415 75558 2591 2023 4100 4949 2015 2298 5877 3988 4447
internal_value=-0.000244866 0.20466 0.31545 -0.0133226 0.0430169 0.0269684 0.0848838 0.00984812 -0.0217184 0.0410545 -0.00738498 -0.0117472 0.0133717 -0.0099184 -0.00217796 0.00896239 -0.0266193 -0.0196132 0.0188684 -0.0166103 -0.0281505 -0.0138482 -0.00649908 -0.0170675 -0.0229952 -0.0179309 -0.0236719 -0.0112537 -0.0201586 -0.0231532
internal_weight=181330 10870 5621 170460 22099 19196 5249 15540 148361 6352 37815 9188 4130 35156 16307 7322 110546 19821 5005 18849 90725 15117 4614 10503 15167 6964 17573 8985 8088 6469
internal_count=181330 10870 5621 170460 22099 19196 5249 15540 148361 6352 37815 9188 4130 35156 16307 7322 110546 19821 5005 18849 90725 15117 4614 10503 15167 6964 17573 8985 8088 6469
cat_boundaries=0 26 55 84 116 148 170 202 234 266
cat_threshold=241 0 0 3840 0 0 0 0 0 0 0 0 0 0 0 0 0 0 3221225472 0 0 2147483648 33 0 0 12 24 0 0 768 0 0 0 0 0 0 0 0 0 0 0 0 0 0 0 1 0 3221225472 51 0 0 12 0 0 96 266 0 0 16 0 0 0 0 0 0 0 0 0 0 0 0 0 0 0 1 0 1073741824 30 0 0 0 0 0 192 997 0 0 1040 0 0 8192 0 0 0 0 0 0 0 0 0 0 0 2147483648 2 0 0 12 0 0 785 0 0 1936 0 0 52992 896 0 0 16 0 0 0 0 0 0 0 0 0 0 0 0 0 0 2147483648 2 0 0 12 0 0 16 0 0 144 0 0 256 0 0 0 2176 0 0 53248 0 0 0 0 0 0 0 0 8388608 0 0 234881024 0 0 536870912 2 0 0 2240 0 0 4096 0 0 0 0 0 0 0 0 268435456 0 0 1073741824 0 0 536870912 0 0 0 224 0 0 14336 0 0 77824 772 0 0 16 0 0 8192 0 0 0 0 0 0 0 0 0 0 0 0 0 0 0 8 0 0 768 0 0 16 0 0 256 1 0 0 1024 0 0 8192 0 0 0 0 0 0 0 0 0 0 0 0 0 0 0 0 0 0 0 0 0 1024 0 0 49664
is_linear=0
shrinkage=0.05


Tree=4
num_leaves=31
num_cat=12
split_feature=44 5 5 38 10 35 44 5 5 15 14 40 5 5 23 29 23 5 44 10 23 5 29 10 29 5 5 5 5 44
split_gain=226156 55128.2 36211.2 37201.9 7740.93 5544.82 4289.23 3905.59 3440.2 2462.78 3301.11 2079.23 1284.72 1243.32 1211.36 661.803 419.913 389.811 327.01 205.291 127.547 128.795 119.497 118.36 81.9427 79.9753 56.015 53.7373 50.5663 31.3751
threshold=4.9026308059692392 0 1 0.022189959883689884 0.9140143394470216 0.079631805419921889 0.95988625288009655 2 3 6.8743538856506357 2.6228147745132451 0.42110085487365728 4 5 13.359615325927736 0.66551589965820324 -15.306938171386717 6 0.15423069894313815 0.10276866704225542 27.63019943237305 7 0.59841156005859386 0.31264768540859228 0.35412216186523443 8 9 10 11 0.0237056277692318
decision_type=2 9 9 2 2 2 2 9 9 10 2 2 9 9 2 2 2 9 2 2 2 9 2 2 2 9 9 9 9 2
left_child=2 -2 3 5 13 11 12 -8 -7 10 -10 -1 18 15 -13 23 -17 20 -6 -15 21 -14 28 27 26 -24 -25 -4 -21 -16
right_child=1 -3 4 -5 6 8 7 -9 9 -11 -12 14 17 19 29 16 -18 -19 -20 22 -22 -23 25 24 -26 -27 -28 -29 -30 -31
leaf_value=0.045927358020054196 0.46647658589099894 0.15883505489088223 -0.01766797827460544 0.25180878719719585 0.006202786620937489 0.1004731820342266 0.093921337565558816 0.010186834189335749 0.017823669640976227 0.001937735506437548 0.099570861322541657 0.021910245107837237 -0.0024793425400159389 -0.027691918323369515 -0.026561681203191578 -0.014078702550776144 0.013699296495397507 -0.022413597645959345 0.033621039060406623 -0.01875456478868226 0.0052683914668504106 -0.016922175839055767 -0.0080038655914851271 -0.022938211265755983 -0.0081200223082705993 -0.020660110669442708 -0.011960149471207653 -0.025396023187275654 -0.025233102666800789 -0.018746810862428864
leaf_weight=2007 2757 3173 4670 2043 2372 2808 2349 3409 2503 3190 2438 2020 3482 72716 3150 2399 3116 5594 2007 4040 2106 2777 2024 2679 3689 3526 2281 5280 22172 2416
leaf_count=2007 2757 3173 4670 2043 2372 2808 2349 3409 2503 3190 2438 2020 3482 72716 3150 2399 3116 5594 2007 4040 2106 2777 2024 2679 3689 3526 2281 5280 22172 2416
internal_value=4.2773e-05 0.303462 -0.0102401 0.0488401 -0.0189797 0.0285551 0.0070241 0.0446308 0.0528705 0.0361601 0.0582792 0.000801687 -0.00480201 -0.0238541 -0.0111818 -0.0135916 0.00161238 -0.0122109 0.0187744 -0.0262173 -0.00535075 -0.00893507 -0.022842 -0.0181057 -0.0137968 -0.0161188 -0.0179941 -0.0218335 -0.0242589 -0.0232092
internal_weight=181193 5930 175263 22575 152688 20532 24096 5758 10939 8131 4941 9593 18338 128592 7586 24114 5515 13959 4379 104478 8365 6259 31762 18599 8649 5550 4960 9950 26212 5566
internal_count=181193 5930 175263 22575 152688 20532 24096 5758 10939 8131 4941 9593 18338 128592 7586 24114 5515 13959 4379 104478 8365 6259 31762 18599 8649 5550 4960 9950 26212 5566
cat_boundaries=0 26 55 78 101 130 162 194 226 255 287 319 351
cat_threshold=113 0 0 1792 0 0 0 0 0 0 0 0 0 0 0 0 0 0 3221225472 0 0 2147483648 33 0 0 12 56 0 0 768 0 0 0 0 0 0 0 0 0 0 0 0 0 0 0 0 0 3221225472 51 0 0 12 0 0 64 769 0 0 1168 0 0 0 0 0 0 0 0 0 0 0 0 0 0 3221225472 3 0 0 12 0 0 0 256 0 0 0 0 0 0 0 0 0 0 0 0 0 0 0 0 0 0 49 512 0 0 16 0 0 0 0 0 0 0 0 0 0 0 0 0 0 3288334336 3 0 536870912 12 0 0 784 0 0 32 516 0 0 16 0 0 8192 0 0 0 0 0 0 0 0 0 0 0 134217728 0 0 536870912 8 0 0 785 0 0 3984 0 0 52992 453 0 0 128 0 0 0 0 0 0 0 0 0 0 0 268435456 0 0 0 0 0 0 0 0 0 1 0 0 8592 0 0 2304 192 0 0 0 0 0 0 0 0 0 0 0 0 0 0 268435456 0 0 0 0 0 0 0 0 0 0 0 0 144 0 0 256 0 0 0 2176 0 0 53248 0 0 524288 0 0 0 0 0 402653184 0 0 3808428032 0 0 268435456 0 0 0 160 0 0 32 4 0 0 16 0 0 8192 0 0 0 0 0 0 0 0 0 0 0 0 0 0 0 8 0 0 769 0 0 128 0 0 19456 516 0 0 16 0 0 0 0 0 0 0 0 0 0 0 0 0 0 134217728 0 0 0 0 0 0 16 0 0 896 0 0 49152 256 0 0 1024 0 0 512 0 0 4096 0 0 0 0 0 268435456 0 0 1174405120 0 0 0 4 0 0 32 0 0 0 0 0 77824
is_linear=0
shrinkage=0.05


Tree=5
num_leaves=31
num_cat=10
split_feature=22 5 5 38 11 22 27 5 23 25 12 5 5 29 5 16 5 5 41 27 33 5 33 29 29 17 34 29 12 5
split_gain=208569 47035.5 31635.7 24884.9 8765.48 4797.01 3857.82 2957.5 2920.83 2022.55 1865.6 1660.77 951.745 610.088 481.531 361.645 230.006 177.293 152.651 137.881 239.602 127.208 125.514 119.371 113.318 104.85 84.1037 74.4126 72.4659 120.751
threshold=4.753589630126954 0 1 -0.076870296150445924 3.9665018320083623 0.47349929809570318 1017.6653137207032 2 -15.306938171386717 5.7926013469696054 1.3330323100090029 3 4 0.73736953735351574 5 2.3730555772781377 6 7 1.0669693350791933 1018.0672607421876 15.166272163391115 8 17.81241607666016 0.73144531250000011 0.38248825073242193 0.0011807751143351199 1.0442199707031252 0.70693206787109386 0.088396526873111739 9
decision_type=2 9 9 2 2 2 2 9 2 2 2 9 9 2 9 8 9 9 2 2 2 9 2 2 2 10 2 2 2 9
left_child=2 -2 3 4 6 11 9 10 -8 12 -7 13 15 14 -4 -1 23 -9 19 24 -21 -20 -14 25 -16 -13 -24 -19 -27 -30
right_child=1 -3 5 -5 -6 7 8 17 -10 -11 -12 16 22 -15 18 -17 -18 27 21 20 -22 -23 26 -25 -26 28 -28 -29 29 -31
leaf_value=-0.0080894451950904774 0.39862271262367427 0.1068091826914682 0.003681458546997285 0.16067102929946409 0.10563286713860187 0.014478061233802185 0.011887697755120774 0.00021593171880817776 0.092512544162182755 0.032514178734986063 0.072291037530972851 -0.010999053641442632 -0.012344569865922266 0.0097263385221997619 -0.024917946346001252 0.018122350290471878 -0.026295131571346282 -0.022549553253549629 -0.016175720280694486 -0.025451590466084056 -0.0058007995705729783 0.0014514197663007505 -0.018181452569050884 -0.011031114087910731 -0.014655205752208775 -0.024814790927489262 -0.031387573843237447 -0.0099279073835028403 -0.0092970603921827422 -0.022275625656799393
leaf_weight=2492 3732 2240 3466 3670 2686 3775 2336 2068 2160 3431 2210 2020 2366 3098 7952 2768 71264 2832 2058 2350 4551 2018 2026 2670 4152 18365 3196 2027 2321 9053
leaf_count=2492 3732 2240 3466 3670 2686 3775 2336 2068 2160 3431 2210 2020 2366 3098 7952 2768 71264 2832 2058 2350 4551 2018 2026 2670 4152 18365 3196 2027 2321 9053
internal_value=4.68128e-05 0.290375 -0.0098553 0.0397667 0.0208102 -0.01894 0.0097979 0.0101708 0.0507414 -0.00153424 0.0358511 -0.0217193 -0.0106449 -0.0112424 -0.0136964 0.00570153 -0.0246531 -0.0120711 -0.016301 -0.0181917 -0.0125196 -0.00750248 -0.0219475 -0.0212411 -0.0214126 -0.0221024 -0.0263085 -0.01728 -0.0228526 -0.0196654
internal_weight=181353 5972 175381 27131 23461 148250 20775 12912 4496 16279 5985 135338 12848 29645 26547 5260 105693 6927 23081 19005 6901 4076 7588 34429 12104 31759 5222 4859 29739 11374
internal_count=181353 5972 175381 27131 23461 148250 20775 12912 4496 16279 5985 135338 12848 29645 26547 5260 105693 6927 23081 19005 6901 4076 7588 34429 12104 31759 5222 4859 29739 11374
cat_boundaries=0 29 58 87 119 148 180 212 244 276 308
cat_threshold=121 0 0 3840 0 0 0 0 0 0 0 0 0 0 0 0 0 0 3221225472 1 0 2147483648 49 0 0 12 0 0 128 696 0 0 768 0 0 0 0 0 0 0 0 0 0 0 0 0 0 0 1 0 3221225472 51 0 0 12 0 0 64 321 0 0 1168 0 0 0 0 0 0 0 0 0 0 0 0 0 0 3221225472 2 0 536870912 12 0 0 784 0 0 144 325 0 0 16 0 0 8192 0 0 0 0 0 0 0 0 0 0 0 2281701376 2 0 0 8 0 0 785 0 0 4016 0 0 52992 656 0 0 0 0 0 0 0 0 0 0 0 0 0 0 0 0 0 0 1 0 0 48 0 0 12 0 0 64 256 0 0 0 0 0 0 0 0 0 0 0 0 0 0 0 0 0 0 0 0 0 0 0 0 0 0 0 48 0 0 256 2 0 0 3296 0 0 4096 0 0 0 0 0 0 0 0 402653184 0 0 1442840576 0 0 536870912 4 0 0 226 0 0 12288 0 0 73728 2 0 0 0 0 0 16384 0 0 0 0 0 0 0 0 268435456 0 0 671088640 0 0 0 0 0 0 3 0 0 288 0 0 43776 5 0 0 0 0 0 8192 0 0 0 0 0 0 0 0 0 0 0 0 0 0 0 0 0 0 768 0 0 0 0 0 1536 0 0 0 0 0 0 0 0 0 0 0 0 0 0 0 0 0 0 1140850688 0 0 536870912 4 0 0 224 0 0 0 0 0 8192
is_linear=0
shrinkage=0.05


Tree=6
num_leaves=31
num_cat=0
split_feature=44 36 29 16 27 14 0 19 16 0 44 27 26 36 29 29 0 14 23 44 0 27 38 21 16 34 23 26 44 30
split_gain=188710 26229.4 24233.2 13371.8 11936.7 9640.77 8100.61 3247.77 2283.51 2281.09 1579.96 1113.21 1213.45 727.541 505.016 269.315 229.817 272.974 186.293 156.644 178.409 174.681 155.014 152.988 170.339 173.128 145.346 115.085 104.472 83.5412
threshold=4.9026308059692392 3.2773017883300786 0.95672225952148449 inf 1013.0044555664064 2.939325332641602 31.250000000000004 1.0881214737892153 0.10397215187549592 30.250000000000004 2.114128947257996 1017.0207824707032 7.1283216476440439 0.64229965209960949 0.74323654174804699 0.70051956176757824 26.750000000000004 0.45628817379474645 27.581455230712894 0.12333980202674867 25.750000000000004 1011.537811279297 -0.92391788959503163 0.099486943334341063 3.047608613967896 2.4435119628906254 -14.694978713989256 4.6576623916625985 0.36516565084457403 0.18750000000000003
decision_type=2 2 2 8 2 2 2 2 10 2 2 2 2 2 2 2 2 2 2 2 2 2 2 2 8 2 2 2 2 2
left_child=1 7 -2 4 10 9 -7 13 -9 -6 15 12 19 23 22 18 28 -18 27 21 -21 -10 -11 -1 29 -26 -19 -3 -15 -25
right_child=2 3 -4 -5 5 6 -8 8 11 14 -12 -13 -14 16 -16 -17 17 26 -20 20 -22 -23 -24 24 25 -27 -28 -29 -30 -31
leaf_value=-0.025217113050998399 0.20079842723829155 -0.012287681287126239 0.41233025141591906 0.12321620613849814 0.061969851430035507 0.1894194885979103 0.049584297589421233 0.04976950385704744 -0.0090340703858961171 0.0079757741682473637 0.029793495826132679 0.020468672293163653 0.024644406163426225 -0.02283392508796786 0.028688541255622525 6.033609815572095e-05 -0.014270625739958126 -0.0085699109261511541 -0.0061335146913599793 -0.016655800202548528 0.0026147390512468271 -0.02385508855356628 -0.011561164274725016 -0.024666258471383894 -0.021640926035167544 -0.0032981294872492235 0.009927059928025582 -0.025905207109416718 -0.010311754829145066 -0.019703342657358208
leaf_weight=58514 3870 2040 2110 3534 2936 2022 2132 2007 2768 2001 2130 3313 2068 6844 2016 2053 9262 2033 2074 2959 2013 7206 2041 19218 2616 2530 2202 6873 2234 15825
leaf_count=58514 3870 2040 2110 3534 2936 2022 2132 2007 2768 2001 2130 3313 2068 6844 2016 2053 9262 2033 2074 2959 2013 7206 2041 19218 2616 2530 2202 6873 2234 15825
internal_value=2.78516e-05 -0.00939275 0.276 0.0316492 0.0201825 0.0550329 0.117942 -0.0184971 -0.000974886 0.0258789 -0.0100392 -0.00600718 -0.0111716 -0.0217236 0.00831416 -0.0165635 -0.0136157 -0.00946671 -0.019667 -0.0161404 -0.0088642 -0.0197551 -0.00189355 -0.0235764 -0.0211819 -0.0126467 0.00104837 -0.0228057 -0.0197671 -0.0224313
internal_weight=181444 175464 5980 31852 28318 13148 4154 143612 22334 8994 15170 20327 17014 121278 6058 13040 22575 13497 10987 14946 4972 9974 4042 98703 40189 5146 4235 8913 9078 35043
internal_count=181444 175464 5980 31852 28318 13148 4154 143612 22334 8994 15170 20327 17014 121278 6058 13040 22575 13497 10987 14946 4972 9974 4042 98703 40189 5146 4235 8913 9078 35043
is_linear=0
shrinkage=0.05


Tree=7
num_leaves=31
num_cat=10
split_feature=22 5 5 41 12 36 5 5 29 28 22 36 5 22 5 5 5 24 5 35 3 33 5 30 27 41 29 29 36 41
split_gain=169146 44948.6 29537.2 21615.8 11271.5 8575.24 6309.98 2922.97 2890.4 2550.37 2493.82 956.583 1595.13 633.712 735.24 311.351 307.327 256.385 348.092 182.8 166.845 144.559 531.332 149.592 133.528 130.937 127.988 127.539 79.8906 70.2158
threshold=5.4645538330078134 0 1 0.62777996063232433 2.6222637891769414 6.2355995178222665 2 3 0.73144531250000011 1015.3740844726564 0.42200088500976568 1.1143684387207033 4 0.070095062255859389 5 6 7 -11.763183593749998 8 0.35142898559570318 247.50423431396487 16.810560226440433 9 0.68750000000000011 1013.5402221679689 0.48722966015338903 0.59275436401367199 0.59841156005859386 12.419700622558596 1.015138626098633
decision_type=2 9 9 2 2 2 9 9 2 2 2 2 9 2 9 9 9 2 9 2 2 2 9 2 2 2 2 2 2 2
left_child=2 -2 3 -1 9 7 -7 11 13 10 20 16 -13 28 -15 21 -4 -14 19 -19 -5 22 -9 -23 -25 -24 -18 29 -8 -20
right_child=1 -3 5 4 -6 6 8 15 -10 -11 -12 12 17 14 -16 -17 26 18 27 -21 -22 23 25 24 -26 -27 -28 -29 -30 -31
leaf_value=0.20201606450005 0.42606080200402119 0.13456899169314329 0.00033715140655363949 -0.023102973664478239 0.13976008794306258 0.094591370293212934 -0.011775867678815966 0.0089998459138529996 0.052722211243861332 0.062222438444878285 0.04604848410948878 0.041296034077987723 -0.014530549953434883 0.027020536147789445 -0.013966948868947331 -0.023567160077412372 -0.020384189928107897 0.023429757602695736 -0.017748131267283283 0.0021856335840598489 -0.0057775606393839548 -0.023610601486996077 -0.020822088960642773 -0.018741743725816756 -0.0050728653443759056 -0.0083635658210401819 -0.0064516797124278399 0.0029252378371783061 -0.024834505787724684 -0.0046554740642136497
leaf_weight=2252 2581 2784 2977 3848 2071 2482 2210 2124 2678 2017 2122 2405 3405 2277 2073 77010 8941 2009 2068 2036 2185 14745 9520 8205 2295 2733 2035 2561 2564 2038
leaf_count=2252 2581 2784 2977 3848 2071 2482 2210 2124 2678 2017 2122 2405 3405 2277 2073 77010 8941 2009 2068 2036 2185 14745 9520 8205 2295 2733 2035 2561 2564 2038
internal_value=7.84927e-05 0.276375 -0.00836453 0.0599579 0.0337328 -0.0145069 0.0224676 -0.0180994 0.00714635 0.0120298 -0.000445517 -0.00430362 0.00383519 -0.00626594 0.00753058 -0.0217012 -0.0139399 -0.00259882 0.00120148 0.0127371 -0.0168481 -0.0180644 -0.014046 -0.0203536 -0.0157618 -0.0180376 -0.0177931 -0.0058164 -0.0188266 -0.0112767
internal_weight=181251 5365 175886 14495 12243 161391 14284 147107 11802 10172 8155 30475 16522 9124 4350 116632 13953 14117 10712 4045 6033 39622 14377 25245 10500 12253 10976 6667 4774 4106
internal_count=181251 5365 175886 14495 12243 161391 14284 147107 11802 10172 8155 30475 16522 9124 4350 116632 13953 14117 10712 4045 6033 39622 14377 25245 10500 12253 10976 6667 4774 4106
cat_boundaries=0 26 52 75 107 136 168 200 232 261 283
cat_threshold=113 0 0 1792 0 0 0 0 0 0 0 0 0 0 0 0 0 0 1073741824 0 0 2147483648 49 0 0 12 16 0 0 768 0 0 0 0 0 0 0 0 0 0 0 0 0 0 0 0 0 2147483648 49 0 0 12 0 0 0 1040 0 0 0 0 0 0 0 0 0 0 0 0 0 0 3221225472 1 0 1073741824 14 1004 0 0 16 0 0 8192 0 0 0 0 0 0 0 0 0 0 0 0 2 0 1073741824 2 0 0 785 0 0 2032 0 0 19200 8 0 0 0 0 0 0 0 0 0 0 0 0 0 0 0 0 0 0 0 0 1073741824 2 0 0 0 0 0 96 938 0 0 0 0 0 0 0 0 0 0 0 0 0 0 0 0 0 0 2 0 0 0 0 0 256 0 0 80 0 0 256 3 0 0 3200 0 0 20480 0 0 0 0 0 0 0 0 402653184 0 0 2650800128 1 0 536870912 12 0 0 224 0 0 14336 0 0 107520 996 0 0 0 0 0 0 0 0 0 0 0 0 0 0 0 0 0 0 0 0 1073741824 0 0 0 0 0 0 112 0 0 16640 384 0 0 0 0 0 0 0 0 0 0 0 0 0 0 0 0 0 0 0 0 0 0 0 0 272 0 0 912 0 0 0 128 0 0 20480 0 0 0 0 0 0 0 0 0 0 0 503316480 0 0 536870912
is_linear=0
shrinkage=0.05


Tree=8
num_leaves=31
num_cat=0
split_feature=22 18 41 10 38 13 1 3 41 0 16 10 38 18 23 28 12 18 16 37 23 27 37 27 1 32 3 0 10 38
split_gain=149562 35873.1 21542.4 14307.6 13493.4 11007.2 10591.9 6075.21 4710.79 2026.5 1435.83 1366.25 631.464 1262.66 561.19 280.168 279.053 247.07 216.034 212.54 199.398 191.26 149.856 113.52 117.822 86.598 67.6641 66.2145 47.4223 62.4517
threshold=2.6736259460449223 3.2294188737869267 2.9468536376953129 0.9140143394470216 -0.30854770541191096 2.3470500707626347 87.250000000000014 681.34442138671886 4.0906932353973398 31.250000000000004 1.0517265200614931 0.20903891324996951 -0.20367332547903058 1.7186570167541506 27.63019943237305 1016.6821899414064 1.9340628385543825 0.28030693531036383 0.45860454440116888 0.15306472778320315 -15.306938171386717 1012.930633544922 0.010013580322265627 1017.9373474121095 83.750000000000014 958.30102539062511 53.723585128784187 31.750000000000004 0.11514185369014741 -0.11032555624842642
decision_type=2 2 2 2 2 2 2 2 2 2 10 2 2 2 2 2 2 2 10 2 2 2 2 2 2 2 2 2 2 2
left_child=3 5 -3 11 7 -2 -6 10 9 -9 -5 23 15 17 19 22 -11 -14 -17 25 -19 -22 27 28 -25 26 -12 -13 -1 -30
right_child=1 2 -4 4 6 -7 -8 8 -10 16 14 12 13 -15 -16 18 -18 20 -20 -21 21 -23 -24 24 -26 -27 -28 -29 29 -31
leaf_value=-0.022829852554584772 0.019318759583002401 0.37829670051626491 0.16349331415655272 0.030309500412881954 0.18279598811993028 0.1719987060323416 0.021474809351402752 0.050558132555289972 0.10099247721712522 0.01025917792955388 -0.02328079218285975 -0.021657988271250244 -0.018322868626195397 0.033169884355948413 0.0053580468131958423 -0.016569427063780527 -0.012217270371284297 -0.014907697655221201 0.0051106590201144319 -0.0039796801214321475 -0.0074284879150124834 0.010909338130559764 -0.008609083753000164 -0.0069331968280949676 -0.021532220099927724 -0.01051046704575676 -0.013875490049523827 -0.014515626424353579 -0.022446430888358425 -0.015206427830867834
leaf_weight=74945 2420 2788 2046 2044 2029 2300 2037 3392 2194 3861 9513 13371 4306 2100 3264 2046 2137 2634 2597 2549 2842 2826 3550 2535 3065 2209 2464 4410 7293 5229
leaf_count=74945 2420 2788 2046 2044 2029 2300 2037 3392 2194 3861 9513 13371 4306 2100 3264 2046 2137 2634 2597 2549 2842 2826 3550 2535 3065 2209 2464 4410 7293 5229
internal_value=-0.000159586 0.192271 0.287906 -0.0108938 0.0163119 0.0939242 0.102228 0.00589616 0.0351966 0.0197321 -0.00951071 -0.0185615 -0.010914 -0.00263325 -0.0135937 -0.0156002 0.00224414 -0.00861821 -0.00445804 -0.017291 -0.00356871 0.00171765 -0.0180223 -0.021903 -0.0149477 -0.0196783 -0.0213591 -0.0198957 -0.0223465 -0.0194377
internal_weight=180996 9554 4834 171442 37693 4720 4066 33627 11584 9390 22043 133749 40682 14708 19999 25974 5998 12608 4643 16735 8302 5668 21331 93067 5600 14186 11977 17781 87467 12522
internal_count=180996 9554 4834 171442 37693 4720 4066 33627 11584 9390 22043 133749 40682 14708 19999 25974 5998 12608 4643 16735 8302 5668 21331 93067 5600 14186 11977 17781 87467 12522
is_linear=0
shrinkage=0.05


Tree=9
num_leaves=31
num_cat=8
split_feature=42 5 29 5 16 28 10 34 10 29 5 5 29 5 5 16 29 24 14 40 28 28 5 26 24 33 5 29 24 34
split_gain=131918 57734.4 24802.8 15852.4 10722 10090.7 7884.09 6601.26 2743.53 2243.42 2074.29 1307.88 1086.78 825.51 748.632 588.657 497.251 427.6 332.852 163.446 160.182 160.163 132.979 103.676 102.115 74.4505 207.914 55.5196 52.8633 45.0871
threshold=2.6736259460449223 0 0.83228683471679699 1 0.0070726366247981795 1014.9821777343751 3.5427080392837529 2.1057434082031254 0.9140143394470216 0.68311691284179699 2 3 0.77067184448242199 4 5 5.0783748626708993 0.55618286132812511 -10.117553710937498 0.45628817379474645 0.69970175623893749 1011.6046752929689 1016.5321655273439 6 7.0253965854644784 -13.164733886718748 16.926912307739261 7 0.36622619628906256 -2.4195251464843746 0.91357421875000011
decision_type=2 9 2 9 10 2 2 2 2 2 9 9 2 9 9 8 2 2 2 2 2 2 9 2 2 2 9 2 2 2
left_child=3 2 -2 4 -1 9 -3 -7 14 11 -10 -6 13 15 16 -12 21 -18 -19 -13 -21 27 25 29 -23 26 -16 -5 -27 -15
right_child=1 6 -4 8 5 7 -8 -9 10 -11 12 19 -14 23 22 -17 17 18 -20 20 -22 24 -24 -25 -26 28 -28 -29 -30 -31
leaf_value=0.13534082558109908 0.20098432645357606 0.019693592606347406 0.44472291022898658 -0.020376224353247221 0.016375612267350414 0.030774511924003642 0.14298287678132507 0.14969927400723923 0.047664441191624586 0.045377244472799783 0.018561044593564419 -0.03373267162933908 0.0258089147551827 -0.016539656277646458 -0.00070809550115608435 -0.012755087197717988 -0.013253878211531123 -0.0036992298447721854 0.02461980713920368 -0.024000137230908922 -0.008438761333083326 -0.01491927691545758 -0.021760699826628559 -0.0073320707773198036 0.0007731268830197842 -0.011885018997090421 -0.017900013873302558 -0.012750203774144162 -0.020206176369837122 -0.0239081097777437
leaf_weight=2178 2200 3147 2030 9047 3125 2777 2200 2011 2080 2029 3657 2014 2564 5783 2205 2531 3332 2026 2112 3942 2871 2030 69090 2280 2106 2143 8878 3338 22291 3395
leaf_count=2178 2200 3147 2030 9047 3125 2777 2200 2011 2080 2029 3657 2014 2564 5783 2205 2531 3332 2026 2112 3942 2871 2030 69090 2280 2106 2143 8878 3338 22291 3395
internal_value=-9.80356e-05 0.180408 0.317979 -0.0101682 0.0305731 0.0183663 0.0704611 0.0809318 -0.0158268 -0.00310271 0.000366294 -0.0113638 -0.00454409 -0.00896914 -0.0186346 0.00574302 -0.0106458 5.57671e-05 0.0107791 -0.0211863 -0.0174645 -0.0154881 -0.0204626 -0.0169029 -0.00694631 -0.0179266 -0.0145001 -0.0183328 -0.0194815 -0.0192883
internal_weight=181412 9577 4230 171835 20947 18769 5347 4788 150888 13981 22290 11952 20210 17646 128598 6188 23991 7470 4138 8827 6813 16521 104607 11458 4136 35517 11083 12385 24434 9178
internal_count=181412 9577 4230 171835 20947 18769 5347 4788 150888 13981 22290 11952 20210 17646 128598 6188 23991 7470 4138 8827 6813 16521 104607 11458 4136 35517 11083 12385 24434 9178
cat_boundaries=0 26 55 81 110 139 171 203 222
cat_threshold=121 0 0 1792 0 0 0 0 0 0 0 0 0 0 0 0 0 0 3221225472 0 0 2147483648 32 0 0 12 400 0 0 768 0 0 0 0 0 0 0 0 0 0 0 0 0 0 0 0 0 3221225472 51 0 0 12 0 0 64 0 0 0 16 0 0 0 0 0 0 0 0 0 0 0 0 0 0 3221225472 1 0 0 12 0 0 256 384 0 0 0 0 0 0 0 0 0 0 0 0 0 0 0 0 0 0 0 0 0 48 0 0 0 0 0 64 520 0 0 128 0 0 0 0 0 0 0 0 0 0 0 268435456 0 0 0 2 0 0 0 0 0 528 0 0 176 516 0 0 16 0 0 8192 0 0 0 0 0 0 0 0 0 0 0 134217728 0 0 536870912 8 0 0 785 0 0 3984 0 0 52992 10 0 0 9440 0 0 20480 0 0 0 0 0 0 0 0 411041792 0 0 905969664 0 0 0 4 0 0 226 0 0 12288 0 0 73728 8 0 0 128 0 0 20480 0 0 0 0 0 0 0 0 276824064 0 0 369098752
is_linear=0
shrinkage=0.05


Tree=10
num_leaves=31
num_cat=10
split_feature=42 5 38 5 38 10 25 10 14 42 5 10 14 5 28 5 25 5 23 16 12 5 40 16 33 5 31 16 5 5
split_gain=119660 48191.3 25754.3 13886.7 13082.1 13827.4 3713.65 3166.93 2908.92 1997.27 1416.84 1076.98 868.788 790.543 1076.83 726.162 375.214 261.57 241.642 333.584 224.793 202.556 193.625 180.457 100.689 87.8985 87.5619 84.6925 64.7507 47.7041
threshold=2.7880668640136723 0 2.5478460788726811 1 -0.30028563737869257 0.75853672623634349 1.4204980134963991 2.6952822208404545 3.5064370632171635 0.35905838012695318 2 0.99157050251960765 1.9266965985298159 3 1010.1015625000001 4 6.533332586288453 5 15.022045135498049 1.7922254204750063 1.3330323100090029 6 3.6299073696136479 0.039898097515106208 17.745599746704105 7 65.830703735351577 3.6951593160629277 8 9
decision_type=2 9 2 9 2 2 2 2 2 2 9 2 2 9 2 9 2 9 2 10 2 9 2 10 2 9 2 10 9 9
left_child=3 2 -2 4 6 -6 8 -3 12 15 11 -11 -1 14 22 16 18 -12 19 21 28 -5 -8 -23 -25 -17 -15 -28 -20 -19
right_child=1 7 -4 9 5 -7 13 -9 -10 10 17 -13 -14 26 -16 25 -18 29 20 -21 -22 23 -24 24 -26 -27 27 -29 -30 -31
leaf_value=-0.0070741112417970851 0.13653539116882596 0.0010565279425776715 0.36457332232331918 0.0034924225735799182 0.01848603693119975 0.19872830061954239 -0.00068596354493001403 0.089024457709064114 0.085822613390773392 0.0022862169394834049 0.0018841898801221992 0.052705287026841886 0.037429027982867423 -0.026647738465187587 0.025076253189821287 -0.01711474343375757 0.0092750552756255666 -0.009932880442197433 -0.012478198205533149 0.010911875698068074 -0.0012136789330675021 -0.025801442058554499 -0.022164234839961178 -0.012938774283904731 -0.00034414424582980031 -0.020557171506621643 -0.0062790787261132637 -0.019630010501599359 -0.020867986871246007 -0.019455557118635627
leaf_weight=2136 2059 2045 3165 2091 2241 2020 2000 2038 2232 2191 3831 2042 2238 2008 3668 26812 2101 2575 3136 2001 2022 2343 2199 7654 2002 71586 2018 2924 11012 2975
leaf_count=2136 2059 2045 3165 2091 2241 2020 2000 2038 2232 2191 3831 2042 2238 2008 3668 26812 2101 2575 3136 2001 2022 2343 2199 7654 2002 71586 2018 2924 11012 2975
internal_value=-0.000164752 0.174359 0.274602 -0.00961473 0.0242838 0.104198 0.00835912 0.0449655 0.0395063 -0.0155647 0.00267132 0.0266126 0.0157298 -0.0055448 0.00531138 -0.017436 -0.0111609 -0.0081682 -0.0124977 -0.00815165 -0.0168148 -0.0108648 -0.01196 -0.0133593 -0.0103306 -0.0196228 -0.0178054 -0.014202 -0.019042 -0.0150889
internal_weight=181365 9307 5224 172058 25684 4261 21423 4083 6606 146374 13614 4233 4374 14817 7867 132760 34362 9381 32261 16091 16170 14090 4199 11999 9656 98398 6950 4942 14148 5550
internal_count=181365 9307 5224 172058 25684 4261 21423 4083 6606 146374 13614 4233 4374 14817 7867 132760 34362 9381 32261 16091 16170 14090 4199 11999 9656 98398 6950 4942 14148 5550
cat_boundaries=0 26 55 87 116 148 180 212 244 248 280
cat_threshold=249 0 0 1792 0 0 0 0 0 0 0 0 0 0 0 0 0 0 3221225472 0 0 2147483648 51 0 0 12 920 0 0 768 0 0 0 0 0 0 0 0 0 0 0 0 0 0 0 0 0 3221225472 51 0 0 12 0 0 96 1 0 0 144 0 0 0 0 0 0 0 0 0 0 0 0 0 0 3758096384 3 0 536870912 12 0 0 784 0 0 16 0 0 512 408 0 0 0 0 0 0 0 0 0 0 0 0 0 0 0 0 0 0 0 0 0 1 0 0 12 0 0 96 101 0 0 2064 0 0 12288 0 0 0 0 0 0 0 0 0 0 0 2348810240 3 0 536870912 8 0 0 785 0 0 3984 0 0 52480 100 0 0 1024 0 0 24576 0 0 0 0 0 0 0 0 268435456 0 0 0 0 0 0 0 0 0 3 0 0 384 0 0 35072 0 0 0 0 0 0 0 0 0 0 0 0 0 0 0 0 0 0 201326592 0 0 536870912 0 0 0 16 0 0 0 0 0 256 2 0 0 224 0 0 0 0 0 0 0 0 0 0 0 411041792 0 0 301989888 0 0 0 4 0 0 226 0 0 12288 0 0 74240 68 0 0 2064 2 0 0 0 0 0 35584 0 0 69632 0 0 0 0 0 134217728 0 0 167772160 0 0 0 0 0 0 128 0 0 3584 0 0 24576
is_linear=0
shrinkage=0.05


Tree=11
num_leaves=31
num_cat=8
split_feature=44 5 5 38 28 35 24 44 5 5 25 5 29 33 33 5 27 10 28 44 29 23 5 34 5 33 29 33 25 44
split_gain=118112 33279.3 20789.8 28402.7 4757.41 4785.5 4120.88 3770.8 2213.98 1174.26 645.422 644.597 642.041 319.313 268.523 390.417 300.665 682.004 286.157 210.322 156.767 151.098 202.733 140.836 123.32 79.3865 73.1995 84.7148 56.9156 45.3969
threshold=5.3277015686035165 0 1 0.046747922897338874 1015.0821838378907 0.45537948608398443 -6.8764038085937491 0.93109881877899181 2 3 5.5522551536560067 4 0.82400131225585949 15.558720111846926 14.659008026123049 5 1010.9475708007814 1.827754080295563 1016.3918762207032 0.11679919064044954 0.54540252685546886 15.939014434814455 6 2.7698059082031254 7 17.116032600402836 0.22284317016601565 17.116032600402836 6.8366150856018075 0.16290336847305301
decision_type=2 9 9 2 2 2 2 2 9 9 2 9 2 2 2 9 2 2 2 2 2 2 9 2 9 2 2 2 2 2
left_child=2 -2 3 4 5 10 -6 9 -9 12 19 13 14 -10 23 16 -16 25 20 24 29 22 -11 -4 -1 -18 -24 -28 -23 -17
right_child=1 -3 7 -5 6 -7 -8 8 11 21 -12 -13 -14 -15 15 18 17 -19 -20 -21 -22 28 26 -25 -26 -27 27 -29 -30 -31
leaf_value=-0.013233217566822482 0.32456345151387656 0.072549254784852676 -0.013318396249129921 0.21591134323582351 0.015357122297256227 0.054682460542191919 0.10827412895193152 0.056466577414261691 0.00012162079699329447 0.00072623899879388552 0.01282576100582955 -0.015179290142461234 0.014957988362338121 0.025507406911638969 -0.015086545235739933 -0.018200037780405728 -0.0098820572126787718 0.029246288340620853 0.0053212317324743495 -0.0048637646498398959 -0.0045729038491861334 -0.019307763737926878 -0.019466496003484185 -0.030842609984851766 -0.028082854983928648 0.0024126135254693192 -0.01564496747532388 -0.0038938232318917244 -0.012065437627486072 -0.010013038435147248
leaf_weight=2429 3377 2177 2736 2043 2309 3735 2468 2472 2308 2070 2253 3126 2846 2664 2427 10909 2931 2094 2056 2458 3223 88010 7646 2000 3626 2366 5869 2086 2863 2054
leaf_count=2429 3377 2177 2736 2043 2309 3735 2468 2472 2308 2070 2253 3126 2846 2664 2427 10909 2931 2094 2056 2458 3223 88010 7646 2000 3626 2366 5869 2086 2863 2054
internal_value=-9.95497e-06 0.226803 -0.0071768 0.0390887 0.0202678 0.00599604 0.0634879 -0.0135546 0.0152599 -0.0156688 -0.0109296 0.00255416 -0.00778397 0.0137197 -0.00976383 -0.00789976 0.000146119 0.00516193 -0.0122212 -0.0172242 -0.014459 -0.0182546 -0.0140069 -0.0207682 -0.0222256 -0.00439622 -0.0159512 -0.0125723 -0.0190809 -0.0169115
internal_weight=181631 5554 176077 21321 19278 14501 4777 154756 10570 144186 10766 8098 35642 4972 32796 28060 9818 7391 18242 8513 16186 108544 17671 4736 6055 5297 15601 7955 90873 12963
internal_count=181631 5554 176077 21321 19278 14501 4777 154756 10570 144186 10766 8098 35642 4972 32796 28060 9818 7391 18242 8513 16186 108544 17671 4736 6055 5297 15601 7955 90873 12963
cat_boundaries=0 26 52 78 110 142 174 194 220
cat_threshold=241 0 0 3840 0 0 0 0 0 0 0 0 0 0 0 0 0 0 3221225472 0 0 2147483648 49 0 0 12 56 0 0 768 0 0 0 0 0 0 0 0 0 0 0 0 0 0 0 0 0 3221225472 51 0 0 12 769 0 0 1024 0 0 0 0 0 0 0 0 0 0 0 0 0 0 3221225472 2 0 536870912 12 0 0 16 965 0 0 144 0 0 8192 0 0 0 0 0 0 0 0 0 0 0 134217728 1 0 536870912 8 0 0 784 0 0 4080 0 0 51456 196 0 0 144 0 0 16384 0 0 0 0 0 0 0 0 0 0 0 134217728 1 0 0 0 0 0 770 0 0 496 0 0 512 896 0 0 0 0 0 0 0 0 0 0 0 0 0 0 0 0 0 0 1 0 0 0 0 0 0 0 0 1008 0 0 51456 0 0 0 0 0 0 0 0 0 0 0 0 0 0 0 562036736 0 0 4127195136 2 48 0 0 512 0 0 0 0 0 0 0 0 0 0 0 0 0 0 0 0 0 1073741824 48 0 0 8
is_linear=0
shrinkage=0.05


Tree=12
num_leaves=31
num_cat=1
split_feature=44 10 38 1 22 3 1 16 10 41 1 34 3 34 26 1 32 10 34 24 22 43 27 30 43 44 9 31 20 20
split_gain=101338 17633 24699.8 18219.6 15319.9 5495.68 5731.6 2447.65 1364.73 1221.32 3268.93 494.399 493.309 427.874 278.844 253.749 239.48 176.045 173.693 144.066 234.657 109.138 121.77 93.8018 73.6216 139.722 35.0725 69.6717 31.2259 30.2368
threshold=5.3277015686035165 1.2709209918975832 -0.30854770541191096 86.250000000000014 14.050483703613283 681.34442138671886 78.750000000000014 1.7922254204750063 0.31264768540859228 0.23080825805664065 85.750000000000014 4.1953735351562509 1170.143981933594 2.8464660644531254 7.7856836318969735 90.250000000000014 773.57131958007824 0.11514185369014741 3.8703308105468754 -12.101119995117186 0.1387596130371094 0.95224380493164074 1011.971893310547 1.0000000180025095e-35 0.82635879516601574 0.17208100110292437 0 65.62939834594728 0.45727178454399114 0.81072911620140087
decision_type=2 2 2 2 2 2 2 10 2 2 2 2 2 2 2 2 2 2 2 2 2 2 2 2 2 2 1 2 2 2
left_child=1 8 5 -4 -2 7 11 -3 17 10 -10 -7 16 19 15 21 24 29 23 -14 28 22 -9 -19 25 -11 27 -25 -21 -1
right_child=4 2 3 -5 -6 6 -8 14 9 12 -12 -13 13 -15 -16 -17 -18 18 -20 20 -22 -23 -24 26 -26 -27 -28 -29 -30 -31
leaf_value=-0.018353410699634261 0.14439085432467111 0.04467005728938972 0.23489191177133439 0.034428927376527051 0.31623784676033773 0.019367508243865274 0.085367160833107011 -0.011445978481443233 0.060580763379054582 -0.019648262778717004 -0.018858195007924475 -0.010140749826894592 -0.015337125184421955 0.015219143062557226 0.0039359003677619823 -0.0036196211088309798 0.00033010646944008477 -0.020092028478481329 -0.0041621950359749735 -0.0065773768225213499 0.0055496329779301939 -0.028627830163251145 -0.02316003570420809 -0.004886758853346572 -0.026843856572245313 -0.0071147892228264082 -0.015846357750549687 -0.014399917933527316 -0.01469152733057294 -0.024550209497310769
leaf_weight=76164 3434 2058 2250 2282 2109 3672 3987 5261 2309 9229 2925 2302 3738 2574 2145 3547 2001 7532 3970 2232 3875 2325 3880 3015 2092 2949 7343 5383 2590 2105
leaf_count=76164 3434 2058 2250 2282 2109 3672 3987 5261 2309 9229 2925 2302 3738 2574 2145 3547 2001 7532 3970 2232 3875 2325 3880 3015 2092 2949 7343 5383 2590 2105
internal_value=-7.16693e-05 -0.00671645 0.0257884 0.134251 0.210227 0.00890097 0.039021 -0.00672453 -0.0144326 -0.00609868 0.0162353 0.00799896 -0.00983977 -0.00329858 -0.0129114 -0.0153195 -0.0158679 -0.0173158 -0.0138413 -0.00714083 -0.00360447 -0.0189326 -0.016438 -0.0154899 -0.0181379 -0.0166215 -0.0132765 -0.0109814 -0.010957 -0.0185232
internal_weight=181278 175735 33709 4532 5543 29177 9961 19216 142026 36514 5234 5974 31280 15009 17158 15013 16271 105512 27243 12435 8697 11466 9141 23273 14270 12178 15741 8398 4822 78269
internal_count=181278 175735 33709 4532 5543 29177 9961 19216 142026 36514 5234 5974 31280 15009 17158 15013 16271 105512 27243 12435 8697 11466 9141 23273 14270 12178 15741 8398 4822 78269
cat_boundaries=0 1
cat_threshold=32
is_linear=0
shrinkage=0.05


Tree=13
num_leaves=31
num_cat=0
split_feature=22 29 10 38 18 25 41 29 21 16 7 3 25 23 33 3 18 33 35 23 32 21 16 10 18 32 35 18 11 18
split_gain=97701.2 20975.7 16711.9 23290.9 26932 5663.67 3760.71 1943.78 1631.99 1340.51 1145.12 897.053 500.038 427.767 849.383 633.114 397.228 269.572 238.497 247.255 181.916 395.486 136.84 109.827 101.842 91.3092 74.0287 63.5467 45.8032 47.9962
threshold=5.4645538330078134 0.92522811889648449 1.2334924936294558 -0.30854770541191096 3.0121351480484013 1.4071551561355593 4.0906932353973398 0.71290588378906261 0.87278541922569286 1.2981289029121401 1.5000000000000002 518.73074340820324 6.9224102497100839 15.263122558593752 19.345343589782718 424.30514526367193 0.3777421116828919 15.370560169219972 0.95224380493164074 27.6048698425293 813.38201904296886 0.26438982784748083 0.12979097664356234 0.73696568608284008 0.51104144752025615 747.82571411132824 0.89311599731445324 4.1723704338073739 0.28058460354804998 0.51104144752025615
decision_type=2 2 2 2 2 2 2 2 2 10 2 2 2 2 2 2 2 2 2 2 2 2 10 2 2 2 2 2 2 2
left_child=2 -2 7 5 -5 6 10 13 16 -7 -4 12 18 14 15 -1 25 -18 19 27 26 -22 24 28 -17 -9 -15 -11 -24 -30
right_child=1 -3 3 4 -6 9 -8 8 -10 11 -12 -13 -14 20 -16 22 17 -19 -20 -21 21 -23 23 -25 -26 -27 -28 -29 29 -31
leaf_value=0.010469750487050249 0.11925708330030985 0.31855167914884819 -0.00589787944999004 0.024039982650685451 0.26192244288189998 0.033620866634550869 0.098997722497767685 -0.015823930601940119 0.044400342491935793 -0.020742474902111879 0.03940252719343796 0.022094280296028113 0.010495368175546515 -0.017692352004883203 0.02054823250773645 -0.017139870281114872 -0.003032628903627882 0.021722324196037621 -0.028631137415361191 0.0010911392285896486 -0.016827989785924313 0.0091850914893430377 -0.016272510356816268 -0.0037242224433997801 -0.030052231091644149 -0.0037261039430520554 -0.027367828153012697 -0.012619860425268218 -0.0055895066461130183 -0.015883807193990289
leaf_weight=2654 2909 2438 2188 2766 2081 2002 2222 3976 2136 4660 3828 2032 2004 88482 2045 5718 2398 2018 3010 2507 5317 2006 10412 2860 2120 2575 2048 5140 2535 2062
leaf_count=2654 2909 2438 2188 2766 2081 2002 2222 3976 2136 4660 3828 2032 2004 88482 2045 5718 2398 2018 3010 2507 5317 2006 10412 2860 2120 2575 2048 5140 2535 2062
internal_value=0.00020229 0.210552 -0.00620708 0.0250206 0.126501 0.00836221 0.0435531 -0.0138163 0.00452431 -0.00522724 0.0229445 -0.00926122 -0.0129503 -0.0156902 -0.0105039 -0.0127494 -0.00327556 0.00830328 -0.0160227 -0.0129182 -0.0173005 -0.00969938 -0.0151497 -0.0127198 -0.0206662 -0.0110816 -0.0179142 -0.0164995 -0.0144303 -0.0102315
internal_weight=181149 5347 175802 34440 4847 29593 8238 141362 13103 21355 6016 19353 17321 128259 30406 28361 10967 4416 15317 12307 97853 7323 25707 17869 7838 6551 90530 9800 15009 4597
internal_count=181149 5347 175802 34440 4847 29593 8238 141362 13103 21355 6016 19353 17321 128259 30406 28361 10967 4416 15317 12307 97853 7323 25707 17869 7838 6551 90530 9800 15009 4597
is_linear=0
shrinkage=0.05


Tree=14
num_leaves=31
num_cat=1
split_feature=44 10 10 38 1 25 1 25 28 14 38 33 22 33 15 31 41 1 15 10 35 8 44 15 10 19 35 23 34 19
split_gain=85292.1 14111.6 13608.2 19053.9 14775.8 4835.54 4086.04 1122.59 893.39 1011.29 672.125 508.252 386.779 386.292 298.021 215.433 184.78 177.877 161.462 196.504 161.428 149.483 214.905 146.473 269.879 50.1264 48.3751 63.2377 45.6733 63.012
threshold=5.3277015686035165 3.6476687192916875 1.2709209918975832 -0.30854770541191096 86.250000000000014 1.4450547099113467 79.250000000000014 7.5200097560882577 1015.9621887207032 1.0801103711128237 -1.033517003059387 15.999552249908449 0.038623809814453132 18.357312202453617 2.3687273263931279 68.652053833007827 3.3479002714157109 80.750000000000014 12.344605445861818 0.042902603745460517 0.0014305114746093752 0 0.68951511383056652 1.7827786803245547 0.64462876319885265 0.50354290008544933 0.95224380493164074 27.272827148437504 6.2270812988281259 0.9537147879600526
decision_type=2 2 2 2 2 2 2 2 2 2 2 2 2 2 10 2 2 2 8 2 2 1 2 10 2 2 2 2 2 2
left_child=2 -2 7 5 -5 6 11 8 12 13 14 -4 18 20 -7 -16 17 -17 28 -20 -10 23 -23 24 -14 -22 27 -18 29 -1
right_child=1 -3 3 4 -6 10 -8 -9 9 -11 -12 -13 21 -15 15 16 26 -19 19 -21 25 22 -24 -25 -26 -27 -28 -29 -30 -31
leaf_value=-0.016520108523090309 0.08615724809691773 0.25148545031499497 -0.011403079333054589 0.2075663890939925 0.027202430831582271 0.0085911258727466421 0.077395054214641545 0.022924868527020907 -0.00080028090504321084 0.02608827263917109 0.021404349509330636 0.022172532315050911 -0.013246152542196757 0.011935976029336397 0.0027517383663665947 -0.018182657371111424 -0.019832502782650738 -0.00045724783993060882 -0.01610479902332632 0.0045448846653646721 -0.013020352284451501 -0.0085078440788530618 0.010235445623724797 -0.023229277977375028 0.0064889413699102949 -0.02213026032088556 -0.024613743647544525 -0.0087453419584453164 -0.010524332071500869 -0.021249404234170138
leaf_weight=88015 2042 3568 2009 2264 2275 2232 3833 2123 2472 2615 2075 2544 9415 2012 2472 2186 3561 3983 2657 2022 5831 5410 2121 2388 2116 2079 2230 2050 2950 7797
leaf_count=88015 2042 3568 2009 2264 2275 2232 3833 2123 2472 2615 2075 2544 9415 2012 2472 2186 3561 3983 2657 2022 5831 5410 2121 2388 2116 2079 2230 2050 2950 7797
internal_value=-0.000176183 0.191568 -0.00630771 0.022245 0.117424 0.007402 0.0394277 -0.0130868 -0.0136348 -0.00210747 -0.00552949 0.00736485 -0.0150199 -0.0080727 -0.00852573 -0.0108475 -0.0132473 -0.00675755 -0.0162874 -0.00719051 -0.0119581 -0.0089028 -0.00322249 -0.0119717 -0.00962217 -0.0154396 -0.0183381 -0.0158045 -0.0167176 -0.0169071
internal_weight=181347 5610 175737 33714 4539 29175 8386 142023 139900 15009 20789 4553 124891 12394 18714 16482 14010 6169 103441 4679 10382 21450 7531 13919 11531 7910 7841 5611 98762 95812
internal_count=181347 5610 175737 33714 4539 29175 8386 142023 139900 15009 20789 4553 124891 12394 18714 16482 14010 6169 103441 4679 10382 21450 7531 13919 11531 7910 7841 5611 98762 95812
cat_boundaries=0 1
cat_threshold=2
is_linear=0
shrinkage=0.05


Tree=15
num_leaves=31
num_cat=9
split_feature=44 5 5 16 36 5 28 29 3 5 29 28 24 29 0 33 28 5 5 29 24 32 24 28 33 5 43 44 5 5
split_gain=77434.9 29953.6 18149.8 22426 5388.07 6061.26 5055.08 4612.11 1806.52 1584.63 761.811 793.642 870.36 727.806 594.857 368.246 693.566 235.982 214.77 168.413 128.678 239.493 86.8374 84.7531 71.5463 186.174 83.5365 50.9478 71.9888 48.9224
threshold=5.3277015686035165 0 1 1.44413697719574 6.3586235046386728 2 1011.4503173828126 0.66551589965820324 328.11138916015631 3 0.86817932128906261 1015.9621887207032 -9.4919433593749982 0.74936294555664074 8.2500000000000018 15.558720111846926 1010.0796813964845 4 5 0.72527313232421886 18.834289550781254 738.04837036132824 -7.8743286132812491 1013.3421936035157 16.409279823303226 6 0.012874603271484377 0.12000657990574838 7 8
decision_type=2 9 9 10 2 9 2 2 2 9 2 2 2 2 2 2 2 9 9 2 2 2 2 2 2 9 2 2 9 9
left_child=2 -2 3 -1 9 7 -5 8 -6 10 11 14 -13 15 -4 -7 -17 23 19 24 -19 -22 -21 29 25 -11 -26 -20 -29 -16
right_child=1 -3 4 6 5 13 -8 -9 -10 18 -12 12 -14 -15 17 16 -18 20 27 22 21 -23 -24 -25 26 -27 -28 28 -30 -31
leaf_value=0.2114800888894009 0.31663468891118424 0.082627616154377234 0.012266470135074592 -0.016437618276036719 -0.0070081307006324492 -0.030629401404569257 0.081000054537185284 0.11896309249056321 0.059947681915146489 0.0037154455482636944 0.027884136950407624 -0.0069870129115090487 0.029239976428672921 0.020489505966794021 -0.02786014885148207 -0.023257053897812834 0.011235232354711341 -0.00017147834730750147 -0.016169929068775533 -0.0083900580785646519 -0.018716688056561716 0.0021346889301019317 0.0058113125244987742 -0.010861297381248011 -0.016216021429048582 -0.01287186315176011 -0.0087841602808940364 -0.0062022272126556616 -0.015505856995302797 -0.017154437482681747
leaf_weight=2027 2377 3264 2874 3709 2001 2068 2064 2037 2015 2252 2046 3286 3330 2102 2613 2917 2894 3822 82123 2307 4157 2054 2001 2042 13737 6731 5275 3298 5935 2205
leaf_count=2027 2377 3264 2874 3709 2001 2068 2064 2037 2015 2252 2046 3286 3330 2102 2613 2917 2894 3822 82123 2307 4157 2054 2001 2042 13737 6731 5275 3298 5935 2205
internal_value=0.00014151 0.182326 -0.00571032 0.0687529 -0.00917246 0.0183868 0.0184787 0.0577669 0.0266519 -0.0120795 -0.00143122 -0.00371487 0.0112636 -0.00558148 -0.0087313 -0.0125611 -0.00608938 -0.0123088 -0.014526 -0.0110001 -0.00738521 -0.0118287 -0.00179556 -0.0194494 -0.0124193 -0.00872417 -0.0141597 -0.01577 -0.0122164 -0.0230995
internal_weight=181563 5641 175922 7800 168122 16034 5773 6053 4016 152088 28429 26383 6616 9981 19767 7879 5811 16893 123659 32303 10033 6211 4308 6860 27995 8983 19012 91356 9233 4818
internal_count=181563 5641 175922 7800 168122 16034 5773 6053 4016 152088 28429 26383 6616 9981 19767 7879 5811 16893 123659 32303 10033 6211 4308 6860 27995 8983 19012 91356 9233 4818
cat_boundaries=0 26 49 75 107 133 165 188 214 237
cat_threshold=49 0 0 1808 0 0 0 0 0 0 0 0 0 0 0 0 0 0 3221225472 0 0 2147483648 33 0 0 12 16 0 0 768 0 0 0 0 0 0 0 0 0 0 0 0 0 0 0 0 0 0 33 33 0 0 1040 0 0 0 0 0 0 0 0 0 0 0 0 0 0 3221225472 1 0 3758096384 30 0 0 268 1004 0 0 16 0 0 8192 0 0 0 0 0 0 0 0 0 0 0 0 0 0 3221225472 2 0 0 541 0 0 880 0 0 49408 608 0 0 0 0 0 0 0 0 0 0 0 0 0 0 0 0 0 0 0 0 3221225472 2 0 0 17 0 0 0 2176 0 0 4096 0 0 0 0 0 0 0 0 402653184 0 0 234881024 2 0 536870912 8 0 0 480 0 0 7296 0 0 3584 0 0 0 128 0 0 4096 0 0 0 0 0 0 0 0 0 0 0 234881024 2 0 536870912 8 1 0 0 8192 0 0 16640 0 0 266240 0 0 0 0 0 67108864 0 0 3774873600 1 0 0 4 0 0 2 0 0 0 0 0 0 0 0 0 0 0 0 0 0 0 0 0 0 0 0 0 3221225472 2
is_linear=0
shrinkage=0.05


Tree=16
num_leaves=31
num_cat=11
split_feature=42 44 5 5 41 36 28 5 5 20 29 16 5 36 5 32 23 5 5 29 5 5 33 5 36 44 32 36 16 44
split_gain=73617.6 17978.6 13753.9 7220.1 10084.1 4777.39 2479.37 1398.21 1345.59 1323.05 918.569 763.283 1029.98 955.455 539.155 268.953 336.027 150.82 132.775 112.013 157.173 110.534 109.65 312.661 83.6962 72.9409 68.8242 52.2801 37.1454 36.0002
threshold=8.8334083557128924 1.7191734910011294 0 1 0.46947404742240911 24.387359619140629 1015.7078247070314 2 3 2.9707851409912114 0.83228683471679699 0.4252831637859345 4 4.2099952697753915 5 97.85855865478517 27.656127929687504 6 7 0.62665939331054699 8 9 16.688447952270511 10 6.6618919372558603 0.0237056277692318 778.80047607421886 5.131244659423829 0.022296408191323284 0.10370182618498804
decision_type=2 2 9 9 2 2 2 9 9 2 2 10 9 2 9 2 2 9 9 2 9 9 2 9 2 2 2 2 10 2
left_child=1 3 -3 4 -1 8 9 10 -4 25 11 14 13 -13 -5 -14 18 19 -17 22 -21 -16 23 -9 26 -6 -20 -19 -25 -24
right_child=-2 2 5 7 6 -7 -8 17 -10 -11 -12 12 15 -15 21 16 -18 27 24 20 -22 -23 29 28 -26 -27 -28 -29 -30 -31
leaf_value=0.13073351352621174 0.22599045925105432 0.15713314067566941 0.026115613684866253 -0.03706497252831268 -0.025689158607718993 0.091673274062583576 0.056756578159788754 0.0063585822921019544 -0.021797753504651695 0.027523111668404484 0.021014381288590116 0.0020790482357016388 0.0088634014082699455 0.045274425200022575 -0.0019888849507208621 -0.0027400726549883739 0.0065010568538410585 -0.015146048075211803 -0.015385669571237097 0.0052541336126857643 -0.011245194975457886 -0.013426391092004088 -0.015262546707290346 -0.019142815571118906 -0.022874420467021886 -0.013683303876108194 -0.0052556314070902532 -0.022645432984166932 -0.011269964641498448 -0.0087452029723330011
leaf_weight=2030 3524 2646 2955 2304 2367 2016 2030 2658 2868 2129 3528 3265 2671 2097 2841 3136 3115 73266 5055 2224 4051 8439 20749 2193 2339 2814 2528 2435 4982 2412
leaf_count=2030 3524 2646 2955 2304 2367 2016 2030 2658 2868 2129 3528 3265 2671 2097 2841 3136 3115 73266 5055 2224 4051 8439 20749 2193 2339 2814 2528 2435 4982 2412
internal_value=1.45753e-05 -0.00446808 0.0590175 -0.00844163 0.0299953 0.0255086 0.0080161 -0.0112409 0.00252735 -0.00557826 -0.0033485 -0.00562882 -0.000304188 0.0189896 -0.0151098 -0.00580833 -0.00823896 -0.0140762 -0.0117575 -0.0115403 -0.00540794 -0.0105543 -0.0127081 -0.00827014 -0.0145845 -0.0192072 -0.0120199 -0.0153882 -0.0136805 -0.0145879
internal_weight=181667 178143 10485 167658 11370 7839 9340 156288 5823 7310 41318 37790 24206 5362 13584 18844 16173 114970 13058 39269 6275 11280 32994 9833 9922 5181 7583 75701 7175 23161
internal_count=181667 178143 10485 167658 11370 7839 9340 156288 5823 7310 41318 37790 24206 5362 13584 18844 16173 114970 13058 39269 6275 11280 32994 9833 9922 5181 7583 75701 7175 23161
cat_boundaries=0 23 49 81 110 142 174 206 238 270 302 324
cat_threshold=56 0 0 1792 0 0 0 0 0 0 0 0 0 0 0 0 0 0 1073741824 0 0 2147483648 3 16 0 0 768 0 0 0 0 0 0 0 0 0 0 0 0 0 0 0 0 0 3221225472 33 0 0 8 1005 0 0 16 0 0 8192 0 0 0 0 0 0 0 0 0 0 0 2147483648 1 0 0 30 0 0 788 0 0 2032 0 0 49408 64 0 0 2192 0 0 24576 0 0 0 0 0 0 0 0 0 0 0 2147483648 3 0 1073741824 28 0 0 280 0 0 192 0 0 0 0 0 0 0 0 0 0 0 0 0 0 0 0 0 0 2147483648 1 0 0 22 0 0 0 0 0 1824 0 0 256 0 0 0 0 0 0 0 0 0 0 0 0 0 0 0 0 0 0 0 1 0 0 18 0 0 0 0 0 112 0 0 256 2 0 0 160 0 0 20480 0 0 0 0 0 0 0 0 411041792 0 0 1577058304 2 0 536870912 0 0 0 225 0 0 14336 0 0 76288 128 0 0 0 0 0 0 0 0 0 0 0 0 0 0 0 0 0 0 0 0 0 8 0 0 528 0 0 16 0 0 49152 0 0 0 128 0 0 20480 0 0 0 0 0 0 0 0 134217728 0 0 1073741824 0 0 536870912 0 0 0 161 0 0 0 0 0 2560 808 0 0 0 0 0 8192 0 0 0 0 0 0 0 0 0 0 0 0 0 0 0 8 0 0 256 0 0 0 0 0 49152 0 0 0 128 0 0 20480 0 0 0 0 0 0 0 0 8388608 0 0 503316480 2 0 536870912
is_linear=0
shrinkage=0.05


Tree=17
num_leaves=31
num_cat=10
split_feature=44 5 5 16 28 36 5 33 5 34 5 14 16 5 33 28 5 5 5 24 0 44 22 34 11 30 34 44 5 41
split_gain=63100.9 28270.8 14025.7 18262.6 4473.5 4312.63 5548.71 2955.25 1493.95 698.781 1588.88 772.734 884.242 563.073 578.115 1437.55 407.666 223.724 192.837 122.715 300.351 106.871 95.4324 94.8501 91.7799 88.2175 36.8279 36.7882 59.0993 32.9299
threshold=5.3277015686035165 0 1 1.44413697719574 1011.4259338378907 7.2855947017669687 2 17.842751502990726 3 3.8103332519531254 4 2.6976183652877812 4.3893783092498788 5 15.734015941619875 1009.5140686035157 6 7 8 -11.763183593749998 34.250000000000007 0.48487555980682379 0.1788139343261719 5.7509460449218759 0.2000672444701195 1.0000000180025095e-35 2.3532104492187504 0.12000657990574838 9 0.79836449027061474
decision_type=2 9 9 10 2 2 9 2 9 2 9 2 10 9 2 2 9 9 9 2 2 2 2 2 2 2 2 2 9 2
left_child=2 -2 3 -1 -5 8 7 -7 9 11 -11 17 -13 -8 -15 -16 -14 24 21 -19 22 23 -21 25 -4 -10 -27 -20 -29 -30
right_child=1 -3 5 4 -6 6 13 -9 18 10 -12 12 16 14 15 -17 -18 19 27 20 -22 -23 -24 -25 -26 26 -28 28 29 -31
leaf_value=0.18851544827960559 0.30836968422267408 0.076381327698054016 -0.027739547392930459 -0.017881192317244016 0.073414345281160767 0.092367764579804598 -0.027530425937102945 0.017932057343224266 -0.014960082036198375 0.045697684041917409 -0.010288487496782689 0.03690074033181235 -0.013499916719498318 -0.020667928618478919 -0.015262359117961755 0.042458091825151971 0.014452667874340928 -0.014940457821346434 -0.014646990084353101 -0.011793469062995611 0.011494400415407269 -0.00050145442061059629 0.00067438419475603507 -0.0025435903304529637 -0.012586424072341215 -0.01005757782036971 -0.0027115066943275098 -0.016099045338746006 -0.010879753294185446 -0.0030532802746502654
leaf_weight=2037 2116 3493 2001 3737 2081 2896 2315 2475 11348 2381 2675 2091 3004 2044 2316 2003 2274 3414 82472 6041 2394 2851 2055 3202 2047 11824 2004 4021 3905 2062
leaf_count=2037 2116 3493 2001 3737 2081 2896 2315 2475 11348 2381 2675 2091 3004 2044 2316 2003 2274 3414 82472 6041 2394 2851 2055 3202 2047 11824 2004 4021 3905 2062
internal_value=3.41966e-05 0.164977 -0.00523239 0.0599873 0.0148436 -0.00828617 0.0182242 0.0580564 -0.0107052 -0.000767049 0.0161849 -0.0041573 0.00946729 -0.00652651 0.0011775 0.0115426 -0.00145033 -0.00975213 -0.0131445 -0.00671454 -0.00403211 -0.00972843 -0.00863184 -0.0106583 -0.0200773 -0.011689 -0.00899569 -0.014296 -0.0114 -0.00817114
internal_weight=181579 5609 175970 7855 5818 168115 14049 5371 154066 30377 5056 25321 7369 8678 6363 4319 5278 17952 123689 13904 10490 31229 8096 28378 4048 25176 13828 92460 9988 5967
internal_count=181579 5609 175970 7855 5818 168115 14049 5371 154066 30377 5056 25321 7369 8678 6363 4319 5278 17952 123689 13904 10490 31229 8096 28378 4048 25176 13828 92460 9988 5967
cat_boundaries=0 26 49 75 107 136 168 197 223 252 284
cat_threshold=49 0 0 1024 0 0 0 0 0 0 0 0 0 0 0 0 0 0 3221225472 0 0 2147483648 33 0 0 12 16 0 0 768 0 0 0 0 0 0 0 0 0 0 0 0 0 0 0 0 0 0 33 33 0 0 1040 0 0 16384 0 0 0 0 0 0 0 0 0 0 0 3221225472 1 0 3221225472 30 0 0 12 1004 0 0 16 0 0 8192 0 0 0 0 0 0 0 0 0 0 0 0 2 0 3221225472 2 0 0 540 0 0 1008 0 0 51456 0 0 0 0 0 0 8192 0 0 0 0 0 0 0 0 0 0 0 0 0 0 3221225472 2 0 0 24 0 0 64 0 0 0 14400 0 0 196608 0 0 2097152 0 0 6291456 0 0 503316480 0 0 0 0 0 268435456 0 0 0 17 0 0 16 0 0 3072 108 0 0 0 0 0 0 0 0 0 0 0 0 0 0 0 0 0 0 0 0 1073741824 0 0 0 0 0 0 16 768 0 0 0 0 0 0 0 0 0 0 0 0 0 0 0 0 0 0 0 0 3221225472 2 0 0 8 0 0 0 2176 0 0 4096 0 0 0 0 0 0 0 0 402653184 0 0 234881024 0 0 536870912 8 0 0 481 0 0 7168 0 0 0 5120 0 0 199680 0 0 3276800 0 0 48300032 0 0 536870912 0 0 268435456 0 0 268435456 16 0 0 0 0 0 8192 0 0 66560
is_linear=0
shrinkage=0.05


Tree=18
num_leaves=31
num_cat=0
split_feature=22 22 25 11 14 17 3 1 7 38 21 10 40 23 35 25 27 34 20 17 10 27 18 21 27 1 41 20 0 23
split_gain=59895 14212 8738.39 5584.08 4857.77 6531.25 3346.61 3713.89 1208.27 1033.89 642.196 453.857 538.042 383.503 335.686 362.842 297.11 143.687 136.985 103.586 130.468 95.6916 101.247 82.0967 75.8102 89.8821 74.813 73.7112 64.007 158.21
threshold=8.8334083557128924 1.7066001892089846 5.8422334194183358 3.1009401082992558 1.6918373107910158 1.6296759247779848 921.53500366210949 78.750000000000014 1.5000000000000002 -0.22356850653886792 2.6196960210800175 0.22471048682928088 0.15366929024457934 27.538265228271488 0.010013580322265627 5.6006228923797616 1010.5179138183595 1.6842956542968752 1.02957159280777 6.2734270095825204 1.3074909448623659 1026.130798339844 2.2282603979110722 3.2749561071395878 1017.9373474121095 83.750000000000014 3.2589597702026372 1.1340675354003908 26.750000000000004 -14.440614700317381
decision_type=2 2 2 2 2 10 2 2 2 2 2 2 2 2 2 2 2 2 2 10 2 2 2 2 2 2 2 2 2 2
left_child=1 4 3 8 11 -6 9 10 -3 13 -8 18 -13 17 27 21 -15 19 24 20 -7 22 28 -21 -1 -26 -25 -14 -16 -30
right_child=-2 2 -4 -5 5 6 7 -9 -10 -11 -12 12 14 16 15 -17 -18 -19 -20 23 -22 -23 -24 26 25 -27 -28 -29 29 -31
leaf_value=-0.013526616868292438 0.20407289122607489 0.034209946893279712 0.14527625383642415 0.1003698073709566 0.090017359892323665 -0.012500588325115343 -0.0081259234159276675 0.082787902479986269 -0.013404183065353162 0.026653528779792615 0.026994466512009343 0.011624709301909744 -0.013184114681941661 -0.011237457950587067 -0.011792160741702288 0.013581848585815482 0.013214460196989389 -0.021201166292249954 -0.025971994884921926 -0.019641868248753455 0.0054027948071871191 0.00179949501937202 -0.016813511059565977 -0.0019486797166187965 -0.00076974259790680991 -0.013236545366817155 -0.014036420201719023 -0.021819805212302916 -0.010666505278468847 0.00078254222920009814
leaf_weight=86463 3521 2116 2081 2057 2342 2016 2767 2463 3560 2237 2442 3495 7928 2124 5117 2230 2964 3813 2134 3152 2036 2460 3186 2061 2635 3197 3384 3650 6211 5857
leaf_count=86463 3521 2116 2081 2057 2342 2016 2767 2463 3560 2237 2442 3495 7928 2124 5117 2230 2964 3813 2134 3152 2036 2460 3186 2061 2635 3197 3384 3650 6211 5857
internal_value=0.000154967 -0.00388591 0.0545719 0.0300067 -0.00729648 0.00964723 0.00363729 0.03233 0.0043752 -0.00562665 0.00835883 -0.011553 -0.00709603 -0.00898831 -0.00888448 -0.00562768 0.00300492 -0.0126947 -0.0134463 -0.0101157 -0.00351356 -0.00750908 -0.00863351 -0.0132198 -0.0131539 -0.00761478 -0.00947302 -0.015923 -0.00710809 -0.00511386
internal_weight=181699 178178 9814 7733 168364 33801 31459 7672 5676 23787 5209 134563 40134 21550 36639 25061 5088 16462 94429 12649 4052 22831 20371 8597 92295 5832 5445 11578 17185 12068
internal_count=181699 178178 9814 7733 168364 33801 31459 7672 5676 23787 5209 134563 40134 21550 36639 25061 5088 16462 94429 12649 4052 22831 20371 8597 92295 5832 5445 11578 17185 12068
is_linear=0
shrinkage=0.05


Tree=19
num_leaves=31
num_cat=13
split_feature=38 5 5 16 13 5 27 38 5 34 5 25 5 38 16 24 13 5 37 5 5 27 37 5 5 5 27 31 5 35
split_gain=53869.1 36909.4 12886.4 20685.5 5168.65 11226.1 1763.4 1558.84 1349.98 1153.03 2737.15 1053.79 655.945 750.534 419.942 199.054 290.679 181.807 156.7 207.62 140.564 111.628 111.83 79.9964 71.2768 68.2292 64.6219 80.382 60.368 49.3458
threshold=3.7183433771133427 0 1 3.6951593160629277 1.9438274502754214 2 1012.0315856933595 -0.54996013641357411 3 4.0653991699218759 4 6.6094472408294687 5 -2.2180652618408199 6.7351903915405282 -12.469879150390623 0.13774946331977847 6 0.11587142944335939 7 8 1011.487762451172 0.0042915344238281259 9 10 11 1014.4116821289064 64.224296569824233 12 0.37622451782226568
decision_type=2 9 9 10 2 9 2 2 9 2 9 2 9 2 8 2 2 9 2 9 9 2 2 9 9 9 2 2 9 2
left_child=2 -2 3 -1 8 -6 -5 14 9 11 -11 12 24 -14 -7 29 25 -16 23 -20 -18 -22 -23 26 -4 -17 -10 -28 -25 -15
right_child=1 -3 4 6 5 7 -8 -9 18 10 -12 -13 13 15 17 16 20 -19 19 -21 21 22 -24 28 -26 -27 27 -29 -30 -31
leaf_value=0.19781403910498252 0.32259043886700201 0.04175207607298171 -0.015274307021572252 -0.026835208669628258 0.13190723897152248 0.0063341376886859027 0.037495369658020611 0.037279359393924544 -0.012227494749331167 0.061579875516244886 -0.0075575434763785658 0.024546497960907375 0.025051833986678831 -0.010438689545873951 -0.0083336775842703919 -0.016619026487689977 -0.0065573362037986182 -0.028320478282508599 0.0076690356119391376 -0.01034240147220265 -0.0039530181664506735 0.0025536544853533242 0.017463862384035973 -0.021206417443309533 -0.024659443555949151 -0.0052224373405660275 -0.0094254937818234307 0.0016423745539267496 -0.013275185469387392 -0.020863807037400282
leaf_weight=2008 2082 2672 4948 2254 2005 2935 2002 2463 18868 2270 3814 2745 2107 2476 2457 3818 3983 2167 2182 5869 2342 2818 2267 2550 3773 2063 8791 2013 76575 2153
leaf_count=2008 2082 2672 4948 2254 2005 2935 2002 2463 18868 2270 3814 2745 2107 2476 2457 3818 3983 2167 2182 5869 2342 2818 2267 2550 3773 2063 8791 2013 76575 2153
internal_value=1.61247e-05 0.165928 -0.00445636 0.0658616 -0.00704767 0.0245392 0.00344252 0.00281483 -0.00944746 -0.00170719 0.0183857 -0.00515608 -0.00765254 -0.00337946 -0.00844568 -0.00612406 -0.00365422 -0.0178203 -0.0122 -0.00546076 0.00100179 0.00506102 0.00922217 -0.0126993 -0.0193818 -0.0126739 -0.0104561 -0.00736372 -0.0135361 -0.0153221
internal_weight=181470 4754 176716 6264 170452 12027 4256 10022 158425 41577 6084 35493 32748 24027 7559 21920 17291 4624 116848 8051 11410 7427 5085 108797 8721 5881 29672 10804 79125 4629
internal_count=181470 4754 176716 6264 170452 12027 4256 10022 158425 41577 6084 35493 32748 24027 7559 21920 17291 4624 116848 8051 11410 7427 5085 108797 8721 5881 29672 10804 79125 4629
cat_boundaries=0 29 52 75 107 133 156 182 208 240 272 294 323 346
cat_threshold=249 0 0 1552 0 0 0 0 0 0 0 0 0 0 0 0 0 0 3221225472 0 0 2147483648 1 0 0 12 0 0 128 16 0 0 768 0 0 0 0 0 0 0 0 0 0 0 0 0 0 0 0 0 0 32 0 0 0 16 0 0 0 0 0 0 0 0 0 0 0 0 0 0 3221225472 1 0 3221225472 31 1000 0 0 1168 0 0 8192 0 0 0 0 0 0 0 0 0 0 0 134217728 2 0 3221225472 11 0 0 796 0 0 2032 0 0 49408 0 0 0 0 0 0 8192 0 0 0 0 0 0 0 0 0 0 0 0 0 0 3221225472 3 0 0 24 104 0 0 1024 0 0 8192 0 0 0 0 0 0 0 0 0 0 0 134217728 0 0 3221225472 1 225 0 0 6144 0 0 0 0 0 0 0 0 0 0 0 0 0 0 0 2 0 0 0 0 0 8 4 0 0 0 0 0 20480 0 0 0 0 0 0 0 0 268435456 0 0 2684354560 1 0 536870912 20 0 0 1 128 0 0 144 0 0 0 0 0 0 0 0 0 0 0 0 0 0 0 2 0 0 0 0 0 24 0 0 0 0 0 32768 4 0 0 96 0 0 20480 0 0 0 0 0 0 0 0 411041792 0 0 369098752 0 0 536870912 0 0 0 224 0 0 14336 0 0 76288 64 0 0 1024 0 0 8192 0 0 0 0 0 0 0 0 0 0 0 134217728 0 0 1073741824 0 0 0 0 0 0 0 0 0 0 0 0 0 0 0 0 0 0 0 2 0 0 10 0 0 276 0 0 512 1 0 0 0 0 0 0 0 0 0 0 0 0 0 0 0 0 0 0 1 0 0 16
is_linear=0
shrinkage=0.05


Tree=20
num_leaves=31
num_cat=8
split_feature=22 5 38 25 10 5 22 16 22 5 5 28 16 14 16 5 14 5 16 14 44 14 15 5 5 30 38 28 38 16
split_gain=47099.4 13592.2 28669.3 4072.62 3763.47 4408.62 2999.93 2432.99 834.309 724.745 544.106 780.01 534.648 511.552 1203.7 564.164 211.27 135.623 157.601 114.683 101.578 80.7567 80.5213 78.0862 71.8979 69.0098 68.8783 59.6427 48.3217 41.8593
threshold=8.8334083557128924 0 -0.30028563737869257 1.4450547099113467 1.7248446941375735 1 0.35333633422851568 1.5603042840957644 1.8439292907714846 2 3 1009.990936279297 10.09636163711548 0.47849157452583319 0.564285308122635 4 1.0801103711128237 5 1.8414669036865237 0.88493892550468456 0.017544910311698917 0.26297236979007726 0.35507568717002874 6 7 17.687500000000004 -0.44098070263862604 1012.5028076171876 -0.27774487435817713 0.33190946280956274
decision_type=2 9 2 2 2 9 2 10 2 9 9 2 8 2 10 9 2 9 8 2 2 2 10 9 9 2 2 2 2 10
left_child=1 2 3 -1 9 6 -6 -7 10 13 11 -9 25 21 -15 28 26 18 19 -11 -19 -3 -23 -12 27 -5 -17 29 -16 -22
right_child=-2 4 -4 12 5 7 -8 8 -10 17 23 -13 -14 14 15 16 -18 20 -20 -21 24 22 -24 -25 -26 -27 -28 -29 -30 -31
leaf_value=0.070589051519490895 0.18239859197106334 -0.013706013304340688 0.20284684183848312 -0.023077564439207322 0.017287510935281452 0.050471928514599841 0.093820209402996138 -0.0101532984055425 -0.037704962268308585 -0.020450265173702444 -0.0082912964884369542 0.02886791312107187 0.011761423286306872 0.038854528073145898 -0.019397730217950944 -0.0055154019722090143 0.020436607665103336 -0.012457799816820464 -0.028036770359028643 -0.0043669964699343195 -0.0018857946278650313 0.0021963260383753777 -0.0099073629054180143 -0.019539525753389343 -0.01083250967824031 -0.01105733300161209 0.007398088461812855 0.00076245375402690457 -0.0094844767292050422 -0.010511685991457161
leaf_weight=2035 3451 6780 2380 3005 2803 2020 2356 2556 2022 2336 4748 2549 2092 2081 2737 2037 2110 84421 2791 2114 2009 2087 3995 2337 17426 2031 2074 2777 2290 4719
leaf_count=2035 3451 6780 2380 3005 2803 2020 2356 2556 2022 2336 4748 2549 2092 2081 2737 2037 2110 84421 2791 2114 2009 2087 3995 2337 17426 2031 2074 2777 2290 4719
internal_value=-0.000280522 -0.00383792 0.0485803 0.0083866 -0.00748422 0.0120874 0.0522511 -0.000733842 -0.00804278 -0.010377 -0.00309573 0.00933066 -0.00944583 -0.0028438 0.00401815 -0.00245573 0.00760346 -0.012039 -0.0187003 -0.0128367 -0.0116026 -0.00995472 -0.00575727 -0.0120461 -0.00892232 -0.0182614 0.0010016 -0.00539551 -0.0148801 -0.00794259
internal_weight=181169 177718 11543 9163 166175 21391 5159 16232 14212 144784 12190 5105 7128 26191 13329 11248 6221 118593 7241 4450 111352 12862 6082 7085 26931 5036 4111 9505 5027 6728
internal_count=181169 177718 11543 9163 166175 21391 5159 16232 14212 144784 12190 5105 7128 26191 13329 11248 6221 118593 7241 4450 111352 12862 6082 7085 26931 5036 4111 9505 5027 6728
cat_boundaries=0 23 49 81 113 145 171 200 232
cat_threshold=48 0 0 768 0 0 0 0 0 0 0 0 0 0 0 0 0 0 0 0 0 2147483648 33 8 0 0 16 0 0 0 0 0 0 0 0 0 0 0 0 0 0 3221225472 1 0 0 30 0 0 12 192 0 0 1040 0 0 8192 0 0 0 0 0 0 0 0 0 0 0 134217728 0 0 1610612736 10 0 0 784 0 0 1936 0 0 51200 896 0 0 0 0 0 0 0 0 0 0 0 0 0 0 0 0 0 0 2 0 1073741824 0 0 0 0 0 0 224 0 0 256 128 0 0 1040 0 0 8192 0 0 0 0 0 0 0 0 0 0 0 134217728 0 0 1073741824 0 0 0 0 0 0 0 0 0 16384 265 0 0 4096 0 0 0 0 0 0 0 0 0 0 0 0 0 0 0 3 0 0 16 0 0 12 69 0 0 6144 0 0 0 0 0 0 0 0 0 0 0 0 0 0 0 0 0 0 0 0 0 2 0 0 16 516 0 0 2176 0 0 20736 0 0 4096 0 0 0 0 0 268435456 0 0 3288334336 0 0 0 4 0 0 1 0 0 2048 0 0 768
is_linear=0
shrinkage=0.05


Tree=21
num_leaves=31
num_cat=12
split_feature=38 5 11 5 5 38 5 14 5 15 34 35 3 5 5 0 5 41 13 5 24 35 5 35 17 12 34 5 12 5
split_gain=47827.6 45955.3 10153.1 12117.8 5213.04 12684.3 1353.81 947.156 1564.57 603.244 365.116 342.082 513.287 264.835 242.149 240.606 169.195 199.704 82.3334 129.098 79.4768 125.289 74.4194 70.2959 70.2376 88.7102 67.5975 60.2728 47.659 33.2813
threshold=2.5478460788726811 0 4.5557701587677011 1 2 -0.95948827266693104 3 1.4119512438774111 4 2.1421023607254033 5.6387634277343759 0.89311599731445324 921.53500366210949 5 6 8.2500000000000018 7 1.9750616550445559 0.18830077350139621 8 -12.101119995117186 0.012874603271484377 9 1.0533332824707033 0.0044341080356389293 0.19601412862539294 -1.9406738281249998 10 0.79951965808868419 11
decision_type=2 9 2 9 9 2 9 2 9 10 2 2 2 9 9 2 9 2 2 9 2 2 9 2 10 2 2 9 2 9
left_child=2 -2 4 -4 5 13 7 10 -9 -10 14 12 15 -1 20 -11 17 22 19 -16 -6 -22 -8 29 -24 -26 -27 -23 -17 -18
right_child=1 -3 3 -5 6 -7 16 8 9 11 -12 -13 -14 -15 18 28 23 -19 -20 -21 21 27 24 -25 25 26 -28 -29 -30 -31
leaf_value=0.0032641670059460684 0.31786231861045561 0.031623891366993305 0.15750633448621576 0.0006267063766501684 -0.012210052112707426 0.14078273955507398 -0.015334848683535327 0.047899386573088641 0.027311553761001656 0.0096046748566951494 0.011481317549458761 -0.013422525406863612 0.023652579066605339 -0.02088497434476741 -0.028815318496060463 -0.013889092345616919 -0.010058784285348123 0.0068256664968813748 -0.0096209734615668539 -0.012678629102503385 -0.0094351241134855574 0.0096665225714002781 0.0012433425695282455 -0.020158965318155687 -0.0104949115589214 0.001138935626906163 -0.0081881801481833959 -0.0017618237930203567 -0.0037043735377580538 -0.012218989914484455
leaf_weight=2174 2231 3749 2075 2995 2410 2031 3691 2179 2169 2559 2318 3941 2471 2352 2211 2624 26603 2225 3429 3003 3198 2087 2011 2463 17014 3478 4384 2543 2054 62722
leaf_count=2174 2231 3749 2075 2995 2410 2031 3691 2179 2169 2559 2318 3941 2471 2352 2211 2624 26603 2225 3429 3003 3198 2087 2011 2463 17014 3478 4384 2543 2054 62722
internal_value=0.000415762 0.139349 -0.00432824 0.0653278 -0.00640515 0.0372449 -0.00815657 -5.0997e-05 0.00838213 0.00287955 -0.00721094 -0.00101806 0.00402622 -0.0093425 -0.00951063 -0.0026984 -0.0107061 -0.00761086 -0.0156644 -0.0196429 -0.00428586 -0.00183925 -0.0086657 -0.0118104 -0.00773623 -0.00846547 -0.00406584 0.00341634 -0.00943466 -0.0115793
internal_weight=181394 5980 175414 5070 170344 6557 163787 39196 17997 15818 21199 13649 9708 4526 18881 7237 124591 32803 8643 5214 10238 7828 30578 91788 26887 24876 7862 4630 4678 89325
internal_count=181394 5980 175414 5070 170344 6557 163787 39196 17997 15818 21199 13649 9708 4526 18881 7237 124591 32803 8643 5214 10238 7828 30578 91788 26887 24876 7862 4630 4678 89325
cat_boundaries=0 26 52 75 107 133 156 188 220 243 275 307 339
cat_threshold=177 0 0 3840 0 0 0 0 0 0 0 0 0 0 0 0 0 0 1073741824 0 0 2147483648 1 0 0 12 308 0 0 0 0 0 0 0 0 0 0 0 0 0 0 0 0 0 3221225472 1 0 3221225472 54 0 0 12 16 0 0 768 0 0 0 0 0 0 0 0 0 0 0 0 0 0 0 0 0 0 1 1000 0 0 16 0 0 8192 0 0 0 0 0 0 0 0 0 0 0 2147483648 2 0 3758096384 30 0 0 536 0 0 496 0 0 49152 0 0 0 0 0 0 0 0 0 0 0 0 0 0 0 0 0 0 2147483648 0 0 2147483648 14 0 0 16 16 0 0 0 0 0 0 0 0 0 0 0 0 0 0 0 0 0 0 0 0 0 1 0 0 0 16 0 0 8192 0 0 0 0 0 0 0 0 0 0 0 0 0 0 0 8 0 0 528 0 0 384 0 0 49152 4 0 0 128 0 0 20480 0 0 0 0 0 0 0 0 268435456 0 0 1308622848 1 0 0 0 0 0 484 0 0 3584 0 0 11008 8 0 0 0 0 0 0 0 0 0 0 0 0 0 0 0 0 0 0 2 0 3221225472 18 0 0 0 0 0 0 0 0 0 0 0 0 0 0 0 0 0 0 1073741824 1 0 0 0 0 0 4 0 0 0 0 0 512 0 0 0 0 0 0 8192 0 0 0 0 0 0 0 0 0 0 0 0 0 0 0 0 0 0 512 0 0 256 0 0 16384 0 0 0 8288 0 0 256 0 0 397312 0 0 0 0 0 159383552 0 0 805306368 0 0 0 32 0 0 1 0 0 12288 0 0 66560
is_linear=0
shrinkage=0.05


Tree=22
num_leaves=31
num_cat=10
split_feature=29 5 16 5 11 5 5 34 42 44 0 25 29 5 0 41 5 43 1 5 5 29 14 5 37 34 0 43 5 43
split_gain=54999.6 17109.6 43186.9 4988.63 3872.32 7457.88 1416.82 2987.31 1444.91 1304.04 761.273 738.693 713.848 1635.36 385.969 361.808 446.833 218.978 189.111 181.918 154.537 113.671 101.012 73.1433 63.3622 59.5488 97.9476 57.6829 68.0616 34.297
threshold=0.98462295532226574 0 2.1385090351104741 1 3.9665018320083623 2 3 3.2006530761718754 3.4804344177246098 0.87338486313819896 8.7500000000000018 5.9907913208007821 0.63750839233398449 4 8.7500000000000018 2.4297508001327519 5 1.2536048889160158 82.750000000000014 6 7 0.30915832519531256 2.2543240785598759 8 0.075817108154296889 5.2093811035156259 35.750000000000007 0.55265426635742199 9 0.50592422485351574
decision_type=2 9 10 9 2 9 9 2 2 2 2 2 2 9 2 2 9 2 2 9 9 2 2 9 2 2 2 2 9 2
left_child=1 2 -1 -4 6 -6 7 9 12 14 -7 -5 15 -14 -3 17 -17 20 -16 24 22 -20 25 -22 -15 26 -8 28 -21 -25
right_child=-2 4 3 11 5 10 8 -9 -10 -11 -12 -13 13 19 18 16 -18 -19 21 27 23 -23 -24 29 -26 -27 -28 -29 -30 -31
leaf_value=0.26296346246707958 0.23914885135129824 0.0072448962250751181 0.066470874998812504 -0.030650892389725723 0.10324194475643547 0.012442779515105981 -0.010168803167898553 0.062968925120525418 -0.051241540195735728 0.031265600998087333 -0.030303585407721469 0.0066109398325542553 0.039138684952507753 -0.002107820621059144 -0.028964688835659048 0.020455877753555313 -0.010099616076767832 -0.026629052286559998 -0.017820178693611546 0.00061723374092389311 -0.020183804015501072 -0.0024332119877723234 0.0022433846032290853 -0.011326077247807766 0.0092358710381551124 -0.0024993415173933629 0.0012731728099330715 -0.016604846187358215 -0.0095406763822494262 -0.01722856500509912
leaf_weight=2073 2368 2210 2541 3715 2290 2082 24895 2032 2050 2267 2066 2064 2316 3142 2162 2069 2782 2181 2778 2114 2537 2114 2354 82639 2011 3654 2020 2031 7548 2567
leaf_count=2073 2368 2210 2541 3715 2290 2082 24895 2032 2050 2267 2066 2064 2316 3142 2162 2069 2782 2181 2778 2114 2537 2114 2354 82639 2011 3654 2020 2031 7548 2567
internal_value=0.00026698 -0.002901 0.0593029 0.00837556 -0.00673477 0.0312669 -0.00824284 0.00722196 -0.00965163 -0.0026416 -0.00884836 -0.0173243 -0.00906829 -6.92333e-05 -0.0109638 -0.0104185 0.00296918 -0.0109474 -0.0166707 -0.00549954 -0.0106618 -0.0111895 -0.00772619 -0.01176 0.00232396 -0.00849691 -0.00930992 -0.00894537 -0.00732906 -0.0115046
internal_weight=181672 179304 10393 8320 168911 6438 162473 13563 148910 11531 4148 5779 146860 19162 9264 127698 4851 122847 7054 16846 120666 4892 32923 87743 5153 30569 26915 11693 9662 85206
internal_count=181672 179304 10393 8320 168911 6438 162473 13563 148910 11531 4148 5779 146860 19162 9264 127698 4851 122847 7054 16846 120666 4892 32923 87743 5153 30569 26915 11693 9662 85206
cat_boundaries=0 23 46 75 98 127 159 191 223 255 287
cat_threshold=48 0 0 1792 0 0 0 0 0 0 0 0 0 0 0 0 0 0 0 0 0 0 32 16 0 0 0 0 0 0 0 0 0 0 0 0 0 0 0 0 0 0 0 0 0 32 128 0 0 16 0 0 0 0 0 0 0 0 0 0 0 0 0 0 3221225472 1 0 3221225472 31 0 0 4 0 0 64 712 0 0 0 0 0 0 0 0 0 0 0 0 0 0 0 0 0 2147483648 0 0 1073741824 11 0 0 0 2064 0 0 12288 0 0 0 0 0 0 0 0 0 0 0 1073741824 0 0 2684354560 20 0 0 21 0 0 32 0 0 0 0 0 0 0 0 0 0 0 0 0 0 0 0 0 0 1073741824 3 0 0 20 0 0 12 0 0 224 0 0 768 4 0 0 128 0 0 49152 0 0 397312 0 0 0 0 0 0 0 0 0 0 0 268435456 0 0 0 768 0 0 448 0 0 49664 260 0 0 8368 0 0 0 0 0 0 0 0 0 0 0 402653184 0 0 503316480 0 0 0 4 0 0 888 0 0 7952 0 0 125184 1 0 0 0 0 0 0 0 0 0 0 0 0 0 0 0 0 0 0 0 0 0 16 0 0 4 0 0 64 0 0 512 256 0 0 0 0 0 0 0 0 0 0 0 0 0 0 0 0 0 536870912 1 0 0 0 0 0 136 0 0 1536 0 0 3328
is_linear=0
shrinkage=0.05


Tree=23
num_leaves=31
num_cat=13
split_feature=29 5 38 11 29 5 25 22 40 5 5 34 36 5 11 28 5 44 5 5 8 16 17 5 5 5 10 36 5 29
split_gain=39879.4 13950.3 27257.2 3101.98 1955.9 5807.03 1547.37 754.685 685.958 1017.72 631.741 1030.64 525.748 872.822 423.234 344.186 1481.3 221.658 191.152 148.091 168.537 128.101 122.811 571.679 150.495 108.676 136.234 71.0004 59.7944 51.1975
threshold=0.98462295532226574 0 0.046747922897338874 2.4173600673675542 0.73736953735351574 1 5.6954321861267099 2.9826164245605473 2.3752017021179204 2 3 -0.33682250976562494 0.82826614379882824 4 0.48657825589179998 1016.256561279297 5 0.22871390730142596 6 7 8 0.18731795251369479 6.5177247524261483 9 10 11 0.9140143394470216 4.3730735778808603 12 0.48643875122070318
decision_type=2 9 2 2 2 9 2 2 2 9 9 2 2 9 2 2 9 2 9 9 1 10 8 9 9 9 2 2 9 2
left_child=1 2 3 6 7 -6 12 8 15 -10 11 -7 -1 -14 28 18 -17 27 -3 -18 21 -21 24 -24 -20 26 29 -11 -12 -26
right_child=-2 4 -4 -5 5 10 -8 -9 9 17 14 -13 13 -15 -16 16 19 -19 22 20 -22 -23 23 -25 25 -27 -28 -29 -30 -31
leaf_value=-0.031921521091670145 0.2019031817480349 -0.021628904862221045 0.17899101598116263 0.063201918958917275 0.079874683430330537 -0.0086546927747830158 0.028920119079463538 -0.039481020675847411 0.033674800657785206 -0.0060718171615852861 0.00062324806925486169 0.033865761490339118 0.020688741446023878 -0.02209175731230726 -0.033048569183325327 0.03193163717349299 -0.01952082489297997 0.0040178788032641851 -0.023748872114380731 -0.010309299057378483 -0.015679127384728635 0.0054416512323673125 0.018574971671078359 -0.013273039915274893 -0.010046101122361343 -0.010987890878943911 0.0053518072318217997 -0.019392851328010455 -0.01029080275815368 -0.0036392693463399104
leaf_weight=2558 2395 3755 2940 2256 2445 3540 2992 2014 2210 2001 2037 2372 2055 2784 2007 2568 2980 3816 2117 2196 3155 3102 2013 4575 11355 91601 2067 2017 3261 4319
leaf_count=2558 2395 3755 2940 2256 2445 3540 2992 2014 2210 2001 2037 2372 2055 2784 2007 2568 2980 3816 2117 2196 3155 3102 2013 4575 11355 91601 2067 2017 3261 4319
internal_value=-0.000347861 -0.00306345 0.0421062 0.010197 -0.00737289 0.00942408 -0.00136286 -0.00915311 -0.00873163 0.00387383 -0.00371663 0.00841943 -0.0136345 -0.00392166 -0.0135346 -0.00966415 -0.00223794 -0.00460241 -0.0105175 -0.00995327 -0.00654223 -0.00109418 -0.0101596 -0.00352026 -0.0105526 -0.0102918 -0.00668952 -0.0127904 -0.00611946 -0.00828413
internal_weight=181503 179108 15585 12645 163523 15662 10389 147861 145847 10044 13217 5912 7397 4839 7305 135803 14001 7834 121802 11433 8453 5298 118047 6588 111459 109342 17741 4018 5298 15674
internal_count=181503 179108 15585 12645 163523 15662 10389 147861 145847 10044 13217 5912 7397 4839 7305 135803 14001 7834 121802 11433 8453 5298 118047 6588 111459 109342 17741 4018 5298 15674
cat_boundaries=0 23 49 81 113 136 165 191 223 224 253 279 311 343
cat_threshold=56 0 0 1792 0 0 0 0 0 0 0 0 0 0 0 0 0 0 0 0 0 0 49 65 0 0 16 0 0 12288 0 0 0 0 0 0 0 0 0 0 0 3221225472 1 0 3758096384 6 0 0 20 0 0 0 0 0 0 0 0 0 0 0 0 0 0 0 0 0 0 3221225472 3 0 0 14 0 0 8 0 0 64 0 0 256 902 0 0 128 0 0 49152 0 0 397312 0 0 0 0 0 0 0 0 0 0 0 0 8 0 0 778 0 0 448 0 0 49664 56 0 0 0 0 0 0 0 0 0 0 0 0 0 0 0 0 0 0 0 0 0 1 0 0 0 0 0 0 0 0 0 0 0 0 0 0 0 8388608 0 0 469762048 0 0 3221225472 14 0 0 32 0 0 16 1 0 0 0 0 0 0 0 0 0 0 0 0 0 0 0 0 0 0 0 0 2147483648 2 0 0 4 0 0 0 0 0 0 0 0 0 0 0 0 0 0 0 369098752 0 0 2147483648 3 0 805306368 0 0 0 6 0 0 96 0 0 7680 2 896 0 0 2048 0 0 63488 0 0 266240 0 0 65536 0 0 8388608 0 0 251658240 0 0 1610612736 0 0 0 264 0 0 4096 64 0 0 2048 0 0 0 0 0 0 0 0 0 0 0 0 0 0 0 0 0 1073741824 0 0 0 8 516 0 0 160 0 0 0 0 0 0 0 0 0 0 0 402653184 0 0 2147483648 3 0 0 8 0 0 128 0 0 12176 0 0 130304 0 0 0 2048 0 0 65792 0 0 524288 0 0 0 0 0 8388608 0 0 50331648 0 0 268435456 0 0 0 65 0 0 3616 0 0 3072
is_linear=0
shrinkage=0.05


Tree=24
num_leaves=31
num_cat=11
split_feature=29 5 38 36 5 33 5 38 14 17 35 5 44 29 5 5 5 5 32 14 5 14 28 33 5 34 31 5 10 33
split_gain=38274.2 13505.2 32811.2 3900.27 14182.5 2903.17 2138.16 1999.64 788.94 2021.92 908.176 996.663 1107.76 378.002 791.185 381.781 203.497 140.836 115.515 105.99 104.621 159.969 75.6822 161.565 82.0738 68.9479 64.0909 63.2787 70.4662 50.0144
threshold=0.98462295532226574 0 -0.30854770541191096 11.977672576904299 1 19.52467250823975 2 -0.99503222107887257 1.9266965985298159 2.1873378753662114 1.3604164123535158 3 0.20692995190620425 0.67164230346679699 4 5 6 7 819.52682495117199 0.98999771475791942 8 0.52184274792671215 1019.5081176757814 15.435071945190431 9 0.99285888671875011 73.51568984985353 10 0.34778720140457159 23.136575698852543
decision_type=2 9 2 2 9 2 9 2 2 10 2 9 2 2 9 9 9 9 2 2 9 2 2 2 9 2 2 9 2 2
left_child=1 2 5 8 -5 -1 7 -6 13 -10 11 12 -11 15 -15 19 -17 26 -7 -3 21 -16 24 -24 -18 29 -13 28 -26 -19
right_child=-2 3 -4 4 6 18 -8 -9 9 10 -12 17 -14 14 20 16 22 25 -20 -21 -22 -23 23 -25 27 -27 -28 -29 -30 -31
leaf_value=0.052711499569553372 0.19862845650470981 -0.032656798525061086 0.23326388999371375 0.12811063079214549 -0.016083884653188576 -0.027079721803625046 -0.043252299657433602 0.044564749834250947 0.044926707071993782 -0.0025824882916871458 -0.033384954495223822 0.0054926303130455349 0.043956786882045171 0.026025845321631144 -0.0075117554726864613 0.0043643619127977928 -0.019382514232796258 -0.0043337985435442936 -0.010716279926795852 -0.017361188782972593 -0.011443825700625817 0.0089948594001442103 -0.012545028522072245 0.0061768944617921658 -0.0081454183226990669 -0.019180994569087822 -0.0066335795513404842 -0.010147650469846685 0.0025611381274270764 -0.014380511820012661
leaf_weight=2023 2383 2023 2038 2467 3132 2357 2814 2386 2344 2863 2326 2031 2299 2201 4523 2610 2293 2729 2020 2676 5586 2161 2358 2236 6547 2455 2328 100778 2002 2278
leaf_count=2023 2383 2023 2038 2467 3132 2357 2814 2386 2344 2863 2326 2031 2299 2201 4523 2610 2293 2729 2020 2676 5586 2161 2358 2236 6547 2455 2328 100778 2002 2278
internal_value=-1.14764e-05 -0.00266861 0.0590016 -0.00572802 0.0233394 0.00332461 -0.00794246 0.0101556 -0.00769593 0.00117685 -0.00415464 -0.000133947 0.0181545 -0.00908817 -0.00144145 -0.00998381 -0.0094267 -0.00813723 -0.0195696 -0.0239507 -0.00640171 -0.00216631 -0.00973712 -0.00343904 -0.00999687 -0.0123034 -0.000981697 -0.0097956 -0.00563152 -0.00892423
internal_weight=181267 178884 8438 170446 10799 6400 8332 5518 159647 21653 19309 16983 5162 137994 14471 123523 118824 11821 4377 4699 12270 6684 116214 4594 111620 7462 4359 109327 8549 5007
internal_count=181267 178884 8438 170446 10799 6400 8332 5518 159647 21653 19309 16983 5162 137994 14471 123523 118824 11821 4377 4699 12270 6684 116214 4594 111620 7462 4359 109327 8549 5007
cat_boundaries=0 23 46 75 104 136 165 197 223 255 281 313
cat_threshold=48 0 0 768 0 0 0 0 0 0 0 0 0 0 0 0 0 0 0 0 0 0 32 0 0 0 1024 0 0 0 0 0 0 0 0 0 0 0 0 0 0 3221225472 1 0 3221225472 31 975 0 0 16 0 0 0 0 0 0 0 0 0 0 0 0 0 0 0 2 0 0 0 0 0 514 0 0 192 264 0 0 0 0 0 0 0 0 0 0 0 0 0 0 0 0 0 0 3 0 805306368 23 0 0 28 0 0 240 8 0 0 3072 0 0 28672 0 0 0 0 0 0 0 0 0 0 0 0 0 0 4026531840 3 0 0 528 0 0 272 0 0 512 8 0 0 0 0 0 0 0 0 0 0 0 0 0 0 0 0 0 0 0 0 2147483648 17 0 0 12 0 0 32 0 0 0 0 0 0 0 0 0 0 0 0 0 0 0 0 0 0 134217728 0 0 1073741824 0 0 0 0 0 0 0 0 0 256 704 0 0 4176 0 0 0 0 0 0 0 0 0 0 0 0 0 0 67108864 0 0 0 0 0 0 1 512 0 0 144 0 0 33024 0 0 397312 0 0 0 0 0 0 0 0 50331648 0 0 0 24 0 0 482 0 0 3712 0 0 60672 0 0 0 2048 0 0 0 0 0 0 0 0 0 0 0 0 0 0 0 0 0 0 2 0 0 1 512 0 0 128 0 0 0 0 0 0 0 0 0 0 0 268435456 0 0 100663296 0 0 0 0 0 0 0 0 0 848 0 0 130048
is_linear=0
shrinkage=0.05


end of trees

feature_importances:
region_id=175
now_tcc_mean=39
rmse30_recent3=35
now_ssrd_MJ=29
now_tp_mm=28
now_anomaly=28
exp_anom_persistence=28
mae7_climatology=26
now_msl_hPa_min=25
exp_climatology=24
now_msl_anom=23
rmse30_climatology=21
now_msl_hPa_mean=21
now_tp3=19
now_t2m_C_mean=17
now_wind_speed_mean=16
now_tp7=16
longitude=15
regmae_climatology=14
now_t2m_C_max=14
latitude=13
elev_proxy_m=13
mae7_persistence=11
regmae_recent3=10
rmse30_persistence=8
now_blh_mean=8
mae7_recent3=7
rmse30_anom_persistence=7
regmae_anom_persistence=6
now_wind_speed_max=6
now_cape_max=6
now_rh_pct_mean=6
expert_range=6
exp_recent3=6
now_target_tendency=5
exp_persistence=5
lead_days=4
mae7_anom_persistence=4
regmae_persistence=3
lead_bucket_id=2
regime_id=1

parameters:
[boosting: gbdt]
[objective: regression]
[metric: l2]
[tree_learner: serial]
[device_type: cpu]
[data_sample_strategy: bagging]
[data: ]
[valid: ]
[num_iterations: 1500]
[learning_rate: 0.05]
[num_leaves: 31]
[num_threads: 16]
[seed: 42]
[deterministic: 0]
[force_col_wise: 0]
[force_row_wise: 0]
[histogram_pool_size: -1]
[max_depth: -1]
[min_data_in_leaf: 2000]
[min_sum_hessian_in_leaf: 0.001]
[bagging_fraction: 0.8]
[pos_bagging_fraction: 1]
[neg_bagging_fraction: 1]
[bagging_freq: 1]
[bagging_seed: 400]
[bagging_by_query: 0]
[feature_fraction: 0.6]
[feature_fraction_bynode: 1]
[feature_fraction_seed: 30056]
[extra_trees: 0]
[extra_seed: 12879]
[early_stopping_round: 0]
[early_stopping_min_delta: 0]
[first_metric_only: 0]
[max_delta_step: 0]
[lambda_l1: 0]
[lambda_l2: 10]
[linear_lambda: 0]
[min_gain_to_split: 0]
[drop_rate: 0.1]
[max_drop: 50]
[skip_drop: 0.5]
[xgboost_dart_mode: 0]
[uniform_drop: 0]
[drop_seed: 17869]
[top_rate: 0.2]
[other_rate: 0.1]
[min_data_per_group: 100]
[max_cat_threshold: 32]
[cat_l2: 10]
[cat_smooth: 10]
[max_cat_to_onehot: 4]
[top_k: 20]
[monotone_constraints: ]
[monotone_constraints_method: basic]
[monotone_penalty: 0]
[feature_contri: ]
[forcedsplits_filename: ]
[refit_decay_rate: 0.9]
[cegb_tradeoff: 1]
[cegb_penalty_split: 0]
[cegb_penalty_feature_lazy: ]
[cegb_penalty_feature_coupled: ]
[path_smooth: 0]
[interaction_constraints: ]
[verbosity: -1]
[saved_feature_importance_type: 0]
[use_quantized_grad: 0]
[num_grad_quant_bins: 4]
[quant_train_renew_leaf: 0]
[stochastic_rounding: 1]
[linear_tree: 0]
[max_bin: 255]
[max_bin_by_feature: ]
[min_data_in_bin: 3]
[bin_construct_sample_cnt: 200000]
[data_random_seed: 175]
[is_enable_sparse: 1]
[enable_bundle: 1]
[use_missing: 1]
[zero_as_missing: 0]
[feature_pre_filter: 1]
[pre_partition: 0]
[two_round: 0]
[header: 0]
[label_column: ]
[weight_column: ]
[group_column: ]
[ignore_column: ]
[categorical_feature: 5,6,8,9]
[forcedbins_filename: ]
[precise_float_parser: 0]
[parser_config_file: ]
[objective_seed: 16083]
[num_class: 1]
[is_unbalance: 0]
[scale_pos_weight: 1]
[sigmoid: 1]
[boost_from_average: 1]
[reg_sqrt: 0]
[alpha: 0.9]
[fair_c: 1]
[poisson_max_delta_step: 0.7]
[tweedie_variance_power: 1.5]
[lambdarank_truncation_level: 30]
[lambdarank_norm: 1]
[label_gain: ]
[lambdarank_position_bias_regularization: 0]
[eval_at: ]
[multi_error_top_k: 1]
[auc_mu_weights: ]
[num_machines: 1]
[local_listen_port: 12400]
[time_out: 120]
[machine_list_filename: ]
[machines: ]
[gpu_platform_id: -1]
[gpu_device_id: -1]
[gpu_device_id_list: ]
[gpu_use_dp: 0]
[num_gpu: 1]

end of parameters

pandas_categorical:[]
