tree
version=v4
num_class=1
num_tree_per_iteration=1
label_index=0
max_feature_idx=45
objective=binary sigmoid:1
feature_names=latitude longitude is_ocean elev_proxy_m coastal region_id season_id lead_days lead_bucket_id regime_id mae7_climatology mae7_persistence mae7_recent3 mae7_anom_persistence rmse30_climatology rmse30_persistence rmse30_recent3 rmse30_anom_persistence regmae_climatology regmae_persistence regmae_recent3 regmae_anom_persistence now_tp_mm now_t2m_C_mean now_t2m_C_max now_wind_speed_mean now_wind_speed_max now_msl_hPa_mean now_msl_hPa_min now_tcc_mean now_cape_max now_rh_pct_mean now_blh_mean now_ssrd_MJ now_msl_anom now_tp3 now_tp7 now_target_tendency now_anomaly expert_spread expert_range exp_climatology exp_persistence exp_recent3 exp_anom_persistence blend_pred
feature_infos=[7:37] [68:97] [0:1] [0:5388.1943359375] [0:1] -1:505:701:903:600:706:500:400:506:402:207:602:308:703:805:3:507:304:906:702:804:504:807:0:406:508:7:605:904:100:806:705:106:202:103:204:403:907:700:802:901:503:200:4:102:502:107:302:101:206:800:8:704:300:707:205:303:603:5:1:908:201:203:401:606:408:405:902:208:108:2:501:900:604:801:808:803:301:6:407:708:307:305:306:104:607:905:601:608:105:404:509:809:609:9:909:209:709:409:309:109:1007:1004:1006:1000:1003:1008:1001:1005:1002 -1:2:1:3:0 [1:3] -1:1:2 -1:5:4:2:3:0:1 [0.021628942340612411:6.1180262565612793] [0.011108820326626301:7.372992992401123] [0.0089187407866120338:7.7671279907226562] [0.010830027982592583:7.5392098426818848] [0.042660795152187347:4.3239150047302246] [0.041892349720001221:4.8669376373291016] [0.040064092725515366:4.6401233673095703] [0.040583126246929169:4.7125411033630371] [0.14277245104312897:3.0573558807373047] [0.12820826470851898:3.0775861740112305] [0.12059371918439865:2.8313307762145996] [0.12915268540382385:2.9411273002624512] [0:393.65960693359375] [-37.324451446533203:40.725982666015625] [-32.300048828125:47.923004150390625] [0.11460332572460175:16.713184356689453] [0.17858448624610901:20.154998779296875] [991.41888427734375:1047.8157958984375] [986.916259765625:1046.1324462890625] [0:1] [0:6814.25] [4.0008754730224609:99.99932861328125] [9.0044918060302734:3557.4853515625] [0.64972800016403198:35.251583099365234] [-30.140869140625:31.2340087890625] [0:146.00372314453125] [0:603.870361328125] [-9.5322952270507812:8.5414619445800781] [-8.0413665771484375:10.078168869018555] [0.0010069572599604726:4.2960171699523926] [0.0024354755878448486:10.20378303527832] [0.21118427813053131:11.783773422241211] [0.11460332572460175:16.713184356689453] [0.17418421804904938:14.659345626831055] [0.0028758049011230469:16.587570190429688] [0.20133791863918304:14.595023155212402]
tree_sizes=3401 3489 3599 3478 3493 3607 3683 3631 3472 3678 3452 3476 3666 3637 3648 3500 3501 3716 3486 3470 3696 3710

Tree=0
num_leaves=31
num_cat=1
split_feature=44 21 36 1 28 9 1 28 41 43 12 33 1 1 0 24 19 44 37 41 33 10 0 41 23 0 23 24 17 23
split_gain=8666.19 5556.58 5793.87 3529.62 2567.53 1916.2 1439.18 1173.37 1170.87 1298.7 632.722 668.734 652.443 509.341 467.22 418.499 398.586 359.706 358.174 356.229 327.598 311.859 296.698 285.648 209.773 184.719 175.46 165.971 149.599 125.793
threshold=10.718791961669924 2.1908317804336552 57.794092178344734 88.750000000000014 1008.5890502929689 0 87.250000000000014 1005.3228149414064 4.6869976520538339 9.6665177345275897 1.7794951200485232 17.378496170043949 88.250000000000014 80.250000000000014 12.250000000000002 29.415252685546879 2.2434537410736088 3.7399064302444462 -0.68587869405746449 5.0792939662933358 18.757056236267093 1.4035516977310183 8.7500000000000018 6.8369164466857919 28.010005950927738 10.250000000000002 -11.451059341430662 -6.6914825439453116 1.7087658643722536 28.599243164062504
decision_type=2 2 2 2 2 1 2 2 2 2 2 2 2 2 2 2 2 2 2 2 2 2 2 2 2 2 2 2 10 2
left_child=1 5 -3 4 8 20 7 15 -4 22 -7 12 13 -12 -15 16 18 -16 -2 -20 23 -21 -10 26 27 -23 -1 -19 -24 -28
right_child=6 2 3 -5 -6 10 -8 -9 9 -11 11 -13 -14 14 17 -17 -18 24 19 21 -22 25 28 -25 -26 -27 29 -29 -30 -31
leaf_value=-6.3091672378478325 -6.270953689592198 -6.3084831059621109 -6.3365527936610793 -6.3207287997739643 -6.3359042310830249 -6.3752110000621753 -6.2901159028666669 -6.289084227120803 -6.332716982898055 -6.3364443055233508 -6.3009108408708698 -6.3535293863153104 -6.332540106457663 -6.3159960817210212 -6.334937405248251 -6.2991684077810293 -6.3139202889165515 -6.3272166216995185 -6.3210245697554983 -6.3336419318068176 -6.3281691258370927 -6.3327933029797201 -6.3137931804006033 -6.2865864544846808 -6.278472594092821 -4.9876971007498465 -5.7299818402189748 -5.6275375514422334 -4.5275579625611178 -6.3352079421444927
leaf_weight=2.4199346022214767 1.7462531744968153 37.130483742803335 1.0938458971213565 7.2349839645903549 3.1202087178826332 1830.8604704355821 6.3875636423472306 4.0456342580728224 0.22515142452903081 1.067253209184855 15.3847563941963 123.13478222116828 34.767280208179727 6.7545427358709302 2.8489633009303352 1.5211017499677826 1.077890284359454 1.0282506002113203 0.7268668035976632 0.42193731525912781 4.9604227230884126 0.24110703729092975 0.32088510110042978 5.7794775115326038 3.570511566940695 8.1497724296059442 10.332145686261356 6.0454043908976018 5.2635793655645102 0.77296079602092582
leaf_count=1365 985 20944 617 4081 1760 1032724 3603 2282 127 602 8678 69456 19611 3810 1607 858 608 580 410 238 2798 136 181 3260 2014 4597 5828 3410 2969 436
internal_value=-6.33211 -6.3449 -5.89129 -5.35258 -5.02563 -6.35926 -5.54393 -5.38814 -4.79574 -4.69295 -6.36593 -6.28196 -6.16963 -6.0453 -5.92544 -5.25334 -5.19671 -5.8198 -5.14845 -5.07918 -6.03263 -5.03683 -4.57895 -5.88175 -5.7471 -5.00597 -5.80143 -5.6671 -4.5529 -5.75385
internal_weight=2128.43 2104.12 55.4564 18.3259 11.0909 2048.66 24.3181 17.9306 7.97071 6.87687 2024.39 193.534 70.3997 35.6324 20.2477 13.8849 12.3638 13.4931 11.2859 9.53968 24.2649 8.81282 5.80962 19.3045 10.6442 8.39088 13.525 7.07365 5.58446 11.1051
internal_count=1200575 1186858 31281 10337 6256 1155577 13717 10114 4496 3879 1141890 109166 39710 20099 11421 7832 6974 7611 6366 5381 13687 4971 3277 10889 6004 4733 7629 3990 3150 6264
cat_boundaries=0 1
cat_threshold=1
is_linear=0
shrinkage=1


Tree=1
num_leaves=31
num_cat=1
split_feature=13 26 18 33 27 43 41 41 26 33 23 23 34 19 6 34 37 19 15 34 36 10 10 23 27 10 19 10 18 41
split_gain=6233.59 2931.06 2874.29 1958.27 1301.36 1022.82 1091.2 765.953 430.028 348.906 300.823 295.926 260.122 217.854 212.109 203.84 186.004 181.581 158.79 147.11 139.336 132.33 130.933 124.361 120.492 98.0208 84.1004 81.2444 70.7234 64.229
threshold=2.054495215415955 11.010466098785402 1.6729612350463869 17.532864570617679 1009.4640197753907 10.466223716735842 4.5405309200286874 7.7416529655456552 7.9110417366027841 17.229887962341312 28.864654541015629 28.538669586181644 -7.2483825683593741 1.6180596947669985 0 0.55929565429687511 -0.29839193820953364 2.2434537410736088 2.3522619009017949 -18.361511230468746 76.682567596435561 4.4282889366149911 1.9626839756965639 26.430122375488285 1009.3721618652345 1.2922607660293581 0.90968313813209545 1.9901430606842043 0.82055103778839122 5.7860741615295419
decision_type=2 2 2 2 2 2 2 2 2 2 2 2 2 2 1 2 2 2 10 2 2 2 2 2 2 2 2 2 2 2
left_child=1 8 -2 4 5 6 -4 11 17 12 13 21 -10 16 15 22 -3 -1 -5 -18 -19 23 26 -8 27 -25 -14 -20 -21 -22
right_child=2 10 3 18 -6 -7 7 -9 9 -11 -12 -13 14 -15 -16 -17 19 20 24 28 29 -23 -24 25 -26 -27 -28 -29 -30 -31
leaf_value=-0.045453621606846503 0.0057165929678288721 0.066786802607587917 -0.014404734926873537 -0.011022321787743507 -0.013533330955954713 0.11424315234120536 -0.0016759595313344752 0.020602036282009836 0.25022632049368326 -0.031712099100931569 -0.00024856902461807448 0.047620213238134972 -0.0040800182647526299 0.049264878216151012 -0.026148049187664113 -0.022902274902094382 -0.0021107910961173791 -0.0079081042457845863 -0.0044427411199198553 -0.0028065906687778997 -0.010704504365729107 0.018942950879882126 0.022723685046079006 0.011516880160976148 -0.016996920532230564 0.91174920031965034 0.31940624055015537 0.25288029411765772 0.50293856156187744 0.22097471451106873
leaf_weight=1695.6274351343745 59.889795577968471 7.1163212353130794 4.0356905733933663 16.8883739663288 7.7994036587188011 11.901272386428898 0.34557827166281541 3.4471494571771464 13.643125755828803 87.98217882309109 6.0564032227266571 2.2896823196206233 1.9734649441670686 7.612755562644451 44.813320423127152 10.260466339997945 1.4803270562551905 25.545404401607815 3.1622418649494675 0.59310030250345036 2.700618755305185 0.87588337331544508 8.5393009723629785 0.56402771489228953 5.1349773793481281 35.271237056003883 8.5385400254745019 12.280192690435795 22.996883146930486 3.6486676192143932
leaf_count=995709 32565 3188 2145 8994 4088 3609 150 1488 6567 50611 2356 1165 1125 2914 25422 5615 557 12616 1710 266 814 321 3711 224 2857 10446 3803 6115 8011 781
internal_value=0.000232459 -0.0252336 0.287139 0.434488 0.581572 0.651072 0.743393 0.80405 -0.0355329 0.037383 0.332075 0.854603 0.102806 0.37254 0.049153 0.118222 0.419199 -0.0431235 0.105805 0.471665 0.0620355 0.88375 0.216643 0.89605 0.173935 0.903184 0.286294 0.219151 0.493173 0.176158
internal_weight=2113.01 1949.13 163.886 103.996 66.5299 58.7305 46.8292 42.7936 1903.27 175.75 45.8558 39.3464 87.7682 39.7994 74.1251 29.3118 32.1866 1727.52 37.4658 25.0703 31.8947 37.0567 19.0513 36.1808 20.5774 35.8353 10.512 15.4424 23.59 6.34929
internal_count=1199943 1124066 75877 43312 23636 19548 15939 13794 1106774 96854 17292 12306 46243 14936 39676 14254 12022 1009920 19676 8834 14211 11141 8639 10820 10682 10670 4928 7825 8277 1595
cat_boundaries=0 1
cat_threshold=9
is_linear=0
shrinkage=0.05


Tree=2
num_leaves=31
num_cat=2
split_feature=5 36 44 23 28 5 26 12 24 34 10 14 34 17 0 15 35 44 10 16 34 17 34 10 13 36 23 24 17 22
split_gain=6723.54 4951.8 1162.87 1161.63 621.469 519.958 660.143 361.912 322.872 322.622 210.036 152.114 148.385 140.846 131.881 112.402 98.3793 97.5716 94.2145 85.4601 83.5279 82.7997 82.7064 76.6566 70.6301 60.9812 59.7875 46.8431 43.63 42.0682
threshold=0 51.248073577880866 12.09633255004883 28.185871124267582 1008.4246826171876 1 9.2651000022888201 1.1922183036804201 28.095199584960941 -6.9591369628906241 4.0131731033325204 1.7219113111495974 -15.390014648437498 1.7087658643722536 20.750000000000004 2.3885415792465214 2.8500556945800786 4.7128975391387948 2.7115486860275273 2.3618568181991582 0.55929565429687511 1.66765433549881 -5.3783264160156241 3.7372556924819951 2.3528010845184331 78.238964080810561 -12.722831726074217 -9.6667175292968732 1.0781189799308779 1.9183158874511721
decision_type=9 2 2 2 2 9 2 2 2 2 2 2 2 10 2 8 2 2 2 10 2 10 2 2 2 2 2 2 10 2
left_child=1 2 9 4 7 6 13 -3 12 21 11 -9 -8 -2 16 17 -13 -14 -4 -5 23 -1 -15 27 -11 26 -24 -19 -29 -23
right_child=5 3 18 19 -6 -7 8 10 -10 24 -12 14 15 22 -16 -17 -18 20 -20 -21 -22 29 25 -25 -26 -27 -28 28 -30 -31
leaf_value=-0.0037808897125069978 -0.033690147855697801 0.031431355021058892 -0.00084196555980158472 0.0012223441295542753 -0.0086287752716624287 -0.047005967444104402 0.0095491095614140976 -0.0039343514774086725 0.016298074458227625 -0.039109965856216136 0.081225856710472166 0.0055521651348540658 -0.0070328309070111297 0.13293086769958326 0.012099684069102695 0.0059521474627867626 0.63876233862702381 0.0080167095245041228 0.4545610131173925 0.16650997446381052 -0.0056134898615918119 0.0011476124488884441 0.078641180866859603 -0.0012256144865008399 0.055285265942034395 0.096781539896546157 -0.035358315423230972 0.0012838628057397199 0.41405180677912368 0.26979671260321475
leaf_weight=4.0475554090226051 185.2640614034608 4.1106441144365808 1.1787529020803038 12.389274397981355 4.4820168843725687 1538.4105144204805 5.9368969385977861 0.84510608576238055 23.841490868479013 126.65667073079385 5.2214003709377712 0.79560195165686209 1.6325290693203047 10.492621750687247 1.2611573804169882 3.3777761060046023 71.87801537278574 1.2013704333221653 6.7410952453501523 11.920394070330074 1.2620948838302855 1.7235204925527794 4.766600262024439 1.2683317596092809 14.199781935662029 6.3385224235244086 44.308663751115091 0.72178179060573988 14.02014331333339 3.9115307960892096
leaf_count=1767 113197 1689 212 4971 2097 923864 2100 285 8866 73697 1004 285 794 5473 203 943 9228 561 875 3808 719 647 2830 345 6312 2581 24753 266 4770 1087
internal_value=-0.000291562 0.223068 0.0433774 0.469363 0.547793 -0.035222 0.0235536 0.575209 0.168721 -0.00182584 0.596553 0.61871 0.25677 -0.0116097 0.625447 0.297752 0.63334 0.328513 0.424135 0.107181 0.350222 0.188676 0.0467203 0.368789 -0.02656 0.0125702 -0.012848 0.38735 0.402529 0.240916
internal_weight=2114.21 271.363 158.459 112.904 88.5939 1842.84 304.433 84.1119 53.2624 150.539 80.0013 74.7799 29.4209 251.17 73.9348 23.484 72.6736 20.1063 7.91985 24.3097 18.4737 9.68261 65.9064 17.2116 140.856 55.4138 49.0753 15.9433 14.7419 5.63505
internal_count=1200229 108167 84597 23570 14791 1092062 168198 12694 19364 83510 11005 10001 10498 148834 9716 8398 9513 7455 1087 8779 6661 3501 35637 5942 80009 30164 27583 5597 5036 1734
cat_boundaries=0 13 45
cat_threshold=0 0 0 512 0 0 28928 0 0 397312 0 0 65536 64 0 0 1280 0 0 0 0 0 73728 0 0 4325376 0 0 0 0 0 0 0 0 0 0 0 0 384 0 0 15872 0 0 65536
is_linear=0
shrinkage=0.05


Tree=3
num_leaves=31
num_cat=1
split_feature=14 34 21 15 26 34 26 0 24 41 0 16 11 32 41 21 30 31 19 10 22 19 9 15 19 25 34 22 25 41
split_gain=4753.04 1773.6 912.4 613.54 560.03 493.295 443.194 272.595 212.171 202.388 170.21 173.578 198.82 129.931 189.163 122.927 119.586 115.343 115.011 75.3409 72.5568 71.7524 70.9511 73.2986 79.9875 70.3285 68.3898 66.7005 64.5171 63.8264
threshold=2.3862162828445439 -7.2483825683593741 2.103485226631165 2.3885415792465214 12.457189559936525 -0.25347900390624994 9.5147213935852069 32.750000000000007 29.133483886718754 5.8268859386444101 8.7500000000000018 3.1911020278930669 1.6498202681541445 823.41650390625011 7.6185922622680673 2.2919061183929448 1287.6875000000002 36.337509155273445 2.1842292547225957 4.0131731033325204 14.53828811645508 1.6180596947669985 0 2.077292919158936 1.2962244749069216 10.334105014801027 -18.361511230468746 14.53828811645508 5.0158689022064218 5.7027709484100351
decision_type=2 2 2 10 2 2 2 2 2 2 2 10 2 2 2 2 2 2 2 2 2 2 1 8 2 2 2 2 2 2
left_child=6 3 4 8 22 10 18 27 -2 15 -4 12 20 14 16 25 -14 26 -1 21 -12 -6 23 24 -3 -5 -9 -8 -26 -20
right_child=1 2 5 9 19 -7 7 17 -10 -11 11 -13 13 -15 -16 -17 -18 -19 29 -21 -22 -23 -24 -25 28 -27 -28 -29 -30 -31
leaf_value=-0.044319365294849755 0.49792051230879492 -0.0060441997711458027 -0.016586357148276651 0.32050828975758577 0.27321807164579148 -0.02572238152622618 -0.026788252070179527 -0.0076402358971754958 0.05702974696315713 0.014773968791484231 -0.01016761131203827 0.042829101789313762 0.40990561928513491 0.070499682110117229 -0.01118124543630509 -0.013176365663878909 0.086109176723632899 -0.0086661128260270767 -0.021367316466036335 -0.00092790480128086535 0.14301664315621274 -0.0079668290093467455 -0.018782155607956451 -0.025775468719101097 -0.0094229633376374106 0.030107988516509161 0.27434736132232079 0.076973274743185036 0.17578321795227853 0.10235443576661714
leaf_weight=1595.9904426351422 38.675448065507226 13.802043804433199 4.9486574070760971 8.4723903827834892 16.263232374913066 18.740836648386903 37.18164934986271 1.7974741304060451 5.8665062896907321 20.614146350766532 11.223735999898055 13.016601418494245 39.083165616961196 10.672751641250214 2.8182577658444634 3.4308759521227321 9.7267860937863571 4.4985151179134837 14.282776058767924 3.2168767948169252 8.3581314388429728 1.875822594272903 150.7368992442498 16.634738900000229 4.7740283738821772 4.9063954995945087 11.728774832212366 13.188475684379226 11.468344342196358 12.259119343128985
leaf_count=1017211 5319 5200 2655 1467 2270 10547 18806 676 1748 3667 4098 2746 2763 1940 618 376 1076 1677 6681 585 1433 501 79604 6021 2670 348 3691 4653 4356 4571
internal_value=0.000397139 0.149053 0.0927179 0.345629 0.0291385 0.198621 -0.0371272 0.0799342 0.460955 0.140113 0.239237 0.252887 0.277984 0.319943 0.351703 0.230976 0.370994 0.205013 -0.0425211 0.225435 0.0814595 0.251642 -0.00194119 0.0420547 0.0871706 0.272442 0.249555 0.00862975 0.1385 0.0481492
internal_weight=2110.25 419.327 337.361 81.9658 218.772 118.589 1690.93 68.3949 44.542 37.4238 99.8481 94.8994 81.8828 62.301 51.6282 16.8097 48.81 18.0248 1622.53 21.3559 19.5819 18.1391 197.416 46.6792 30.0444 13.3788 13.5262 50.3701 16.2424 26.5419
internal_count=1199974 142008 129083 12925 101207 27876 1057966 29503 7067 5858 17329 14674 11928 6397 4457 2191 3839 6044 1028463 3356 5531 2771 97851 18247 12226 1815 4367 23459 7026 11252
cat_boundaries=0 1
cat_threshold=25
is_linear=0
shrinkage=0.05


Tree=4
num_leaves=31
num_cat=1
split_feature=45 9 20 28 7 37 43 45 31 28 28 28 21 14 14 30 41 41 18 38 38 41 45 12 14 41 35 40 36 18
split_gain=4639.03 1068.02 579.249 414.785 269.593 472.448 447.278 260.178 253.651 214.848 209.302 189.384 205.301 176.587 168.671 128.694 111.614 124.091 106.691 79.3304 74.7218 90.5056 72.2233 69.0324 83.9938 65.7684 63.6567 58.6241 57.1943 56.525
threshold=6.2421669960021982 0 2.0580970048904423 1000.7937622070314 1.5000000000000002 1.3155884742736819 5.9920737743377694 4.6686382293701181 38.397409439086921 1003.1121826171876 1008.2971801757814 1007.9134521484376 0.99256333708763134 2.2247689962387089 3.2216323614120488 1513.9375000000002 5.2677154541015634 7.5057685375213632 1.7589766383171084 0.68989491462707531 0.88454604148864757 6.1973309516906747 8.6729454994201678 2.5808837413787846 2.5368864536285405 6.8369164466857919 0.13017654418945315 4.3702342510223398 90.494155883789077 0.82055103778839122
decision_type=2 1 2 2 2 2 2 2 2 2 2 2 2 2 2 2 2 2 2 2 2 2 2 2 2 2 2 2 2 2
left_child=7 4 3 18 5 -2 15 -1 26 13 27 12 -7 -10 -5 16 -6 -18 -3 -8 21 -15 -16 24 -21 -20 29 -4 -11 -9
right_child=1 2 10 14 6 11 19 8 9 28 -12 -13 -14 20 22 -17 17 -19 25 23 -22 -23 -24 -25 -26 -27 -28 -29 -30 -31
leaf_value=-0.047112774423708884 0.1254339875201935 -0.00098832589878018956 0.26805411108566701 -0.035464473388946427 0.015083625181859645 0.093274638104202778 -0.0054715683929509604 -0.011330890072164253 -0.02488477168320986 -0.039235533603459133 -0.017836278410994885 -0.0015294220001622419 0.51555791265989304 0.24722981190867152 -0.0040426804903021659 -0.010428864373505153 0.35998446322789718 -0.0083765036654546328 0.31281913156505958 0.024099408690077921 -0.012747293607113814 -0.0089557151141188684 0.15597656548647604 0.045320703819988664 0.17279099638002082 0.00028002506404593424 0.0020660139130759619 -0.0035601875167113185 0.023546420603725769 0.18654080260438516
leaf_weight=1356.6080531703774 34.641291258507408 4.2662094609113392 27.393776102340784 146.98619741306175 3.8046236649388439 8.7900570385390875 14.116398216458036 2.922363906982361 15.818269761046393 205.04825783066917 7.079445853829383 2.3721111738122991 24.250891225528903 9.6269760243594664 10.626375238294715 2.5182919256621963 31.134958623559214 1.946355360909364 4.7364779444178566 15.530210512573829 3.3678544963477171 3.3588922494091085 8.4250884377397579 37.918558600125834 50.990206401562318 1.9205544812139121 8.2196983790490759 1.8235937340650696 36.673702374915592 15.776416263193822
leaf_count=901823 8572 1844 3952 82654 1244 1238 2173 1628 9795 120905 3959 1131 2799 1586 4689 220 2144 219 707 5260 803 723 1585 6081 5768 549 3280 403 15740 6279
internal_value=0.000647728 0.142862 0.0492973 0.00974618 0.213579 0.312182 0.166582 -0.0378452 0.0041211 -0.0120421 0.209017 0.427014 0.450988 0.0929491 -0.0157747 0.299277 0.318136 0.341398 0.219808 0.102629 0.173119 0.205898 0.0960535 0.116442 0.145763 0.276952 0.127296 0.254516 -0.0291533 0.162444
internal_weight=2098.69 441.272 213.258 176.961 228.014 70.0544 157.96 1657.42 300.812 273.894 36.2968 35.4131 33.0409 32.172 166.038 39.4042 36.8859 33.0813 10.9232 118.555 16.3537 12.9859 19.0515 104.439 66.5204 6.65703 26.9185 29.2174 241.722 18.6988
internal_count=1199753 137191 100342 92028 36849 13740 23109 1062562 160739 149552 8314 5168 4037 12907 88928 3827 3607 2363 3100 19282 3112 2309 6274 17109 11028 1256 11187 4355 136645 7907
cat_boundaries=0 1
cat_threshold=25
is_linear=0
shrinkage=0.05


Tree=5
num_leaves=31
num_cat=4
split_feature=5 45 5 28 45 20 45 45 21 40 9 24 35 14 16 14 21 16 38 32 12 24 14 10 0 10 12 32 6 45
split_gain=4022.69 1690.59 335.654 256.203 248.341 214.431 200.664 200.212 167.585 212.956 143.853 163.823 93.1746 135.772 88.2737 84.1384 78.1275 70.0569 65.5365 63.832 78.898 59.3127 56.3696 54.2075 49.4349 44.9298 44.7069 43.5342 43.353 40.2118
threshold=0 6.2421669960021982 1 1008.4246826171876 4.5918021202087411 1.6940328478813174 4.7479238510131845 10.808646678924562 1.7181161046028139 5.0769863128662118 2 28.143035888671879 0.011920928955078127 2.9408504962921147 1.4383194446563723 3.2780367136001591 1.8150544762611391 2.767505526542664 -1.441150903701782 862.28063964843761 1.884119510650635 4.5628509521484384 1.9714745879173281 2.547477245330811 8.7500000000000018 2.8356106281280522 0.82030487060546886 461.98127746582037 3 5.0828967094421396
decision_type=9 2 9 2 2 2 2 2 2 2 1 2 2 2 10 2 2 8 2 2 2 2 2 2 2 2 2 2 1 2
left_child=1 6 4 5 -2 7 -1 15 18 16 -6 17 -8 14 -14 21 -10 24 -7 20 -17 -3 -18 -16 -12 -9 -20 -24 -13 -26
right_child=2 3 -4 -5 10 8 12 25 9 -11 11 28 13 -15 23 19 22 -19 26 -21 -22 -23 27 -25 29 -27 -28 -29 -30 -31
leaf_value=-0.03472742939601095 -0.034436146111358638 0.11361785261039288 -0.047294996435977857 0.010607059378943039 -0.010898804881416327 -0.0043043047529114841 -0.019281467268233904 0.048848341779093023 -0.010849846637023774 0.0059900454203722503 -0.0094770301245430226 0.056995126583483713 -0.010693412109193898 -0.0076724584966031163 0.17906508551593955 0.0070556673814087994 -0.0080930687577469122 0.001432552105174056 0.0077624569800059636 0.0019132295614337777 0.22081179823215399 -0.01111889722629524 0.043801599546625693 0.0062278943628073305 0.014764661801480634 0.2633669522721136 0.38300777981769274 0.23637733563156493 -0.020250591636254159 0.20683050771874487
leaf_weight=100.73892681137659 127.49580688669812 1.9123786670388643 1344.7543900881428 17.188120711245574 52.759184645605274 0.93749278842005779 22.482120347442105 8.5823337365873176 2.7449302577879271 13.772890376858411 2.3319879288319489 12.64718165260274 7.7826403146609655 23.782418923336081 30.88461959536653 6.5893881230149436 1.9103397935396049 6.4949327191570765 1.2343048191396508 8.1171827936777827 7.8750687371939421 40.833375992020592 8.2894938496174273 5.9336517077172166 4.6537297570612273 18.617395592853427 35.583858032943681 107.16062715591397 26.797166879056022 30.806933995103464
leaf_count=66178 85616 261 912191 9312 32413 440 13920 765 872 1187 1205 3359 4344 6601 9171 1513 866 2232 203 787 673 12787 205 2181 1761 951 3309 8061 10066 7452
internal_value=0.000680479 0.125815 -0.0372052 0.204298 0.0139037 0.216054 0.0123951 0.13003 0.252717 0.19741 0.0592753 0.0913537 0.0629015 0.0889333 0.132417 0.0648766 0.217213 0.157738 0.36643 0.125799 0.166122 0.0149443 0.22298 0.15849 0.17868 0.227007 0.374773 0.227144 0.0184664 0.190417
internal_weight=2081.69 472.954 1608.74 281.349 263.987 264.161 191.604 92.5271 171.634 133.878 136.491 83.7319 90.8655 68.3833 44.6009 65.3274 120.105 44.2876 37.7557 22.5816 14.4645 42.7458 117.36 36.8183 37.7927 27.1997 36.8182 115.45 39.4443 35.4607
internal_count=1200882 144587 1056295 42192 144104 32880 102395 17737 15143 11191 58488 26075 36217 22297 15696 16021 10004 12650 3952 2973 2186 13048 9132 11352 10418 1716 3512 8266 13425 9213
cat_boundaries=0 29 61 62 63
cat_threshold=0 0 0 512 0 0 28928 0 0 397312 0 0 65536 0 0 0 0 0 0 0 0 0 0 0 0 128 0 0 3072 64 0 0 1280 0 0 32768 0 0 73728 0 0 4325376 0 0 0 0 0 0 0 0 0 0 0 0 256 0 0 12800 0 0 65536 32 8
is_linear=0
shrinkage=0.05


Tree=6
num_leaves=31
num_cat=4
split_feature=45 5 34 5 45 24 30 34 41 44 41 44 30 25 15 23 23 12 41 16 33 5 23 38 12 33 16 6 45 15
split_gain=3401.81 1401.19 344.468 309.843 330.194 264.511 134.724 131.646 97.4765 69.01 60.5646 268.499 174.925 116.729 276.135 90.7652 77.7416 77.0906 76.435 69.2268 67.6821 57.1253 51.6657 46.7148 44.8521 43.0604 41.8666 38.1492 30.888 30.5946
threshold=6.2421669960021982 0 0.15563964843750003 1 4.5112390518188485 29.231430053710941 1336.3125000000002 0.55929565429687511 6.48577904701233 6.7073254585266122 7.5057685375213632 11.227564811706545 1336.3125000000002 8.2253651618957537 2.1977378129959111 27.558872222900394 28.313152313232425 2.2369610071182255 8.2415604591369647 1.4490236639976504 19.229760169982914 2 -14.166467666625975 -4.5799019336700431 1.8296371698379519 18.39264011383057 1.8823280930519106 3 3.7729349136352544 1.2091554403305056
decision_type=2 9 2 9 2 2 2 2 2 2 2 2 2 2 8 2 2 2 2 10 2 9 2 2 2 2 10 1 2 10
left_child=3 2 5 4 22 10 7 8 9 29 12 -12 13 20 15 19 -13 -17 -18 -15 23 27 28 -2 -14 -21 -20 -3 -1 -6
right_child=1 21 -4 -5 6 -7 -8 -9 -10 -11 11 16 24 14 -16 17 18 -19 26 25 -22 -23 -24 -25 -26 -27 -28 -29 -30 -31
leaf_value=-0.017763595568169442 0.012030921135015988 0.062703936049108136 -0.032770837025171098 -0.045913275022565148 0.01450655038560807 0.016763416133866699 -0.025950829194597926 -0.017222580503094734 -0.0048069394543429405 0.013730208330427186 -0.028767386701971764 -0.0010626564326357728 -0.015795451307244909 0.012685224399277599 0.057603647066230862 -5.4351253362107324e-05 -0.011073516822264547 0.14400481953167321 0.015753492063070865 0.25836674716154517 0.0098490565922319633 -0.038713011130812477 -0.041820848338716965 0.2755097757304103 0.090044740225157169 0.0039912479334425141 0.24783866605853208 -0.011581639486638321 0.092021430815549615 0.2034042557233447
leaf_weight=7.045922023127785 2.6624637141358098 11.446306306868792 18.914127500960603 1322.5984811285743 3.9408877181122071 28.092336715082638 16.766165052889846 12.848499758634714 8.7241480263182876 7.9725701215211293 22.390059175086208 5.2180163408629623 11.570222422247754 4.28909307939466 57.155746930046007 15.57063068484422 2.7852901304140714 12.98322354396805 3.6191876011434969 62.653778813662939 3.3527088760165489 111.56737905426417 117.26189084979706 92.931958616361953 17.904525588499382 2.026758942520245 18.124256962095387 31.893998413695954 3.728172215865925 35.78523185744416
leaf_count=4990 40 3577 10561 942512 1670 12419 8304 8044 3477 1542 7620 512 3445 582 3918 1674 252 520 217 3749 1601 63446 81262 6289 1835 766 1073 13382 2384 8567
internal_value=0.000784418 0.107933 0.15607 -0.0371255 0.0180374 0.170695 0.0893796 0.117046 0.145611 0.169188 0.182735 0.0980949 0.194444 0.207946 0.158959 0.207479 0.176796 0.08581 0.203982 0.240606 0.262904 -0.0212831 -0.0315984 0.270006 0.0550211 0.251998 0.226341 0.0216417 0.0462349 0.191351
internal_weight=2073.82 537.152 382.244 1536.67 214.073 363.33 86.0375 69.2713 56.4228 47.6987 335.238 52.1368 283.101 253.626 154.679 97.5235 29.7468 28.5539 24.5287 68.9696 98.9471 154.908 128.036 95.5944 29.4747 64.6805 21.7434 43.3403 10.7741 39.7261
internal_count=1200230 137478 57073 1062752 120240 46512 31604 23300 15256 11779 34093 9674 24419 19139 11209 7291 2054 2194 1542 5097 7930 80405 88636 6329 5280 4515 1290 16959 7374 10237
cat_boundaries=0 29 61 90 91
cat_threshold=0 0 0 1792 0 0 28928 0 0 471040 0 0 196608 0 0 0 0 0 0 0 0 0 0 0 0 128 0 0 3584 0 0 0 512 0 0 4096 0 0 393216 0 0 4259840 0 0 0 0 0 0 0 0 0 0 0 0 384 0 0 15360 0 0 65536 64 0 0 0 0 0 32768 0 0 0 0 0 29360128 0 0 135266304 0 0 0 0 0 0 0 0 0 0 0 0 4096 9
is_linear=0
shrinkage=0.05


Tree=7
num_leaves=31
num_cat=2
split_feature=5 14 28 5 37 7 26 23 23 23 27 19 41 11 40 31 23 40 38 41 39 40 15 32 41 13 43 38 11 18
split_gain=2851.78 863.812 318.887 219.119 207.143 432.799 139.154 137.57 130.525 119.428 93.8586 109.866 151.223 100.275 118.1 88.1917 74.7039 74.0622 68.5564 68.8418 67.9137 56.4729 46.678 49.789 41.3986 39.9354 56.9975 36.9898 33.3854 32.8214
threshold=0 1.7705253362655642 1008.4246826171876 1 2.1749277114868169 2.5000000000000004 8.5301575660705584 -7.8021373748779288 27.666179656982425 28.828315734863285 1002.2273864746095 2.4658933877944951 6.8369164466857919 2.4226619005203252 4.5545029640197763 38.397409439086921 27.3178825378418 1.684226989746094 0.46856856346130377 7.0498661994934091 2.5549305677413945 6.2257397174835214 2.3522619009017949 1367.2415161132815 6.5384986400604257 1.4728658795356753 5.5132586956024179 -1.5707561969757078 1.2651432752609255 1.0094687938690188
decision_type=9 2 2 9 2 2 2 2 2 2 2 2 2 2 2 2 2 2 2 2 2 2 8 2 2 2 2 2 2 2
left_child=1 15 4 6 9 21 28 -4 22 10 11 12 20 18 16 29 -15 -18 19 25 -3 27 23 24 -8 -12 -27 -6 -2 -1
right_child=3 2 7 -5 5 -7 8 -9 -10 -11 13 -13 -14 14 -16 -17 17 -19 -20 -21 -22 -23 -24 -25 -26 26 -28 -29 -30 -31
leaf_value=-0.019691140504719311 -0.034901685000100595 0.27151264349030568 0.13682925210119515 -0.046621862729600776 0.0087616859447616057 0.028349483039619844 0.16377972278679143 -0.037567733859396525 -0.025370949286602579 0.011221504757549457 -0.0051558511942048288 -0.005986561511288159 0.029818031685873759 0.063593836517712624 0.010494813474645169 -0.041568359953878392 -0.0056718531768353633 0.2214502769993282 0.093023402442100375 -0.031255198889752901 0.0064897822599073651 0.10105047725364419 -0.0090088401488541379 0.0024287614556540624 -0.010159778463573056 0.1278993497970774 0.0055670306270152077 0.29224910599126347 0.016350324284578478 0.084584676495732314
leaf_weight=6.4630423821508911 88.924860559869558 27.758508983184587 4.1796314070234066 1226.1098720128648 1.8134450340876345 32.550661645247601 26.157095371861946 45.88555380620528 22.178587493486702 33.09920814470388 16.544280804228038 6.3577168001793316 12.95662756776437 26.042456851806492 15.881777064525521 113.34813340648543 3.3403999835718414 39.42863847350236 109.63182914722711 26.049873895943165 3.1145230513066045 20.862594439066015 5.8075094392988822 7.1255654320120803 2.538756451685912 16.961885152268223 16.190297418856062 52.703853869228624 39.661713900510222 13.381750480737535
leaf_count=3284 64473 1789 1558 911666 276 1851 5753 28398 8843 13936 6097 122 1377 865 1730 79674 307 3015 12921 11122 101 548 1733 1806 984 2416 1283 2428 24269 5309
internal_value=0.000753244 0.0864062 0.116801 -0.0388316 0.129547 0.192941 0.0105301 -0.00265221 0.0660799 0.105407 0.114507 0.181494 0.204749 0.0960226 0.141869 -0.0242597 0.167011 0.205998 0.0688878 0.0271802 0.252906 0.25237 0.110279 0.127364 0.149742 0.0579155 0.0832915 0.285639 -0.0190542 0.0554054
internal_weight=2063.05 644.547 511.354 1418.5 461.289 107.931 192.394 50.0652 63.8075 353.358 320.259 50.1874 43.8297 270.071 84.6933 133.193 68.8115 42.769 185.378 75.7463 30.873 75.3799 41.6289 35.8214 28.6959 49.6965 33.1522 54.5173 128.587 19.8448
internal_count=1199934 180407 92140 1019527 62184 5103 107861 29956 19119 57081 43145 3389 3267 39756 5917 88267 4187 3322 33839 20918 1890 3252 10276 8543 6737 9796 3699 2704 88742 8593
cat_boundaries=0 29 61
cat_threshold=0 0 0 1536 0 0 28928 0 0 462848 0 0 4259840 0 0 0 0 0 0 0 0 0 0 0 0 128 0 0 3072 64 0 0 256 0 0 32768 0 0 8192 0 0 131072 0 0 0 0 0 0 0 0 0 0 0 0 256 0 0 12800 0 0 65536
is_linear=0
shrinkage=0.05


Tree=8
num_leaves=31
num_cat=0
split_feature=45 0 35 45 0 45 41 40 12 28 0 30 3 29 30 18 28 28 23 12 41 19 19 23 40 3 23 45 37 20
split_gain=2666.96 474.784 299.133 181.428 158.406 158.24 230.235 178.385 165.425 143.81 117.735 116.035 109.452 101.071 82.7516 101.54 75.9841 69.7739 60.6708 59.9273 58.6186 55.4302 59.826 97.3301 65.1652 53.1573 39.4584 97.5737 36.9608 35.6202
threshold=5.9077367782592782 12.250000000000002 21.176815032958988 4.6686382293701181 32.750000000000007 10.808646678924562 7.7416529655456552 5.5008912086486825 1.4897411465644839 1003.6515502929689 18.750000000000004 5.7812500000000009 1.0000000180025095e-35 0.99644088745117199 1709.0625000000002 2.2854192256927495 1008.4246826171876 1004.1134338378907 28.262142181396488 2.1915392875671391 5.9618208408355722 0.95427682995796215 2.349434614181519 28.421283721923832 1.4403250217437746 4705.2580566406259 -12.722831726074217 3.7729349136352544 -1.9136295318603513 2.2379715442657475
decision_type=2 2 2 2 2 2 2 2 2 2 2 2 2 2 2 2 2 2 2 2 2 2 2 2 2 2 2 2 2 2
left_child=3 2 -2 26 9 6 7 8 10 12 -3 -6 20 -4 15 16 21 -17 -12 -15 29 -10 23 28 -24 -18 27 -1 -23 -5
right_child=1 5 13 4 11 -7 -8 -9 14 -11 18 -13 -14 19 -16 17 25 -19 -20 -21 -22 22 24 -25 -26 -27 -28 -29 -30 -31
leaf_value=-0.038606821939280722 -0.034120981416865336 -0.011599836698204101 -0.007303032256180818 0.16938944528720923 0.20296626129485987 0.16268615483268173 -0.025949193445121362 -0.010083863992137907 0.0093303262897297731 -0.033878975804326493 0.14880004875248576 0.014415194150401423 -0.029675957875060721 0.20373415375508391 0.013683972464549396 0.085641284139811799 -0.026952797185355995 -0.022777473015765822 -0.010352449549649886 0.00097618946430724914 -0.013363219285368455 0.03457848992757364 0.00078705421031418385 -0.0062791595446962016 0.12600771627837601 0.10404890757976436 -0.048600171991865018 0.091866395962596006 0.22201952618566484 -0.0088003414374102813
leaf_weight=42.425453781266697 119.76099675113801 50.563530981657095 9.6626670017140004 13.751393530867064 5.4111564293270957 97.699574865400791 37.392361426842399 33.491964659653604 7.6188175905263043 170.90781454893295 13.606100394041279 20.964395275572315 14.524073406239038 14.06673337344546 18.712660377030261 45.837381522986107 13.779613702907225 15.36261074489448 6.3763621939579016 4.4084612649166948 4.8951205776538691 6.9450060894014305 11.660142877837641 4.8334963669767594 95.873490535654128 2.0042981379665425 1082.8157733653206 9.7304437885759381 74.268372515914962 2.1018563171382985
leaf_count=33517 69706 21976 3534 2742 1768 4318 15363 3356 1843 110245 4225 6228 9495 1626 6171 3746 7836 4749 3929 440 1517 691 323 2038 1783 381 861433 5843 7539 489
internal_value=0.0018831 0.0818088 0.00219198 -0.0383929 0.00179441 0.103334 0.0867712 0.0976595 0.107487 -0.0145206 0.0327828 0.0982611 0.0660427 0.125169 0.123591 0.130253 0.14685 0.059049 0.1115 0.172686 0.120907 0.154945 0.159936 0.199923 0.113652 0.0235847 -0.046571 -0.00340137 0.211539 0.151499
internal_weight=2051.45 683.925 147.899 1367.53 232.556 536.026 438.326 400.934 367.442 206.18 70.546 26.3756 35.2724 28.1379 296.896 278.183 216.983 61.2 19.9825 18.4752 20.7484 201.199 193.581 86.0469 107.534 15.7839 1134.97 52.1559 81.2134 15.8532
internal_count=1198850 165573 75306 1033277 132484 90267 85949 70586 67230 124488 30130 7996 14243 5600 37100 30929 22434 8495 8154 2066 4748 14217 12374 10268 2106 8217 900793 39360 8230 3231
is_linear=0
shrinkage=0.05


Tree=9
num_leaves=31
num_cat=3
split_feature=45 5 34 5 45 23 33 33 33 43 45 10 25 34 30 5 0 33 30 10 23 34 35 10 0 30 10 0 30 37
split_gain=2361.02 826.558 222.851 189.991 185.574 95.0819 94.7687 93.1791 67.7274 60.2766 146.079 120.342 73.9096 76.5387 73.6992 49.7581 43.5497 63.3096 47.7283 43.5469 42.656 49.0054 47.651 39.8063 38.4567 30.6312 27.9955 27.6547 26.0689 24.7305
threshold=5.9077367782592782 0 0.15563964843750003 1 3.7729349136352544 28.762569427490238 19.998911857604984 8.3493123054504412 15.501120090484621 6.0600671768188485 7.5573024749755868 2.8356106281280522 7.5967421531677255 -4.7225341796874991 1353.3125000000002 2 13.250000000000002 6.314688205718995 239.81250000000003 1.9059140682220461 -11.451059341430662 -5.6053771972656241 0.31805038452148443 2.8356106281280522 20.250000000000004 1639.9375000000002 1.3860530853271487 11.250000000000002 1097.4375000000002 3.023098468780518
decision_type=2 9 2 9 2 2 2 2 2 2 2 2 2 2 2 9 2 2 2 2 2 2 2 2 2 2 2 2 2 2
left_child=3 2 5 4 -1 9 8 15 -6 11 12 14 13 -11 27 28 17 -12 -18 -15 22 -22 26 -7 -20 -25 -10 -2 -3 -9
right_child=1 7 -4 -5 6 23 -8 29 20 10 16 -13 -14 19 -16 -17 18 -19 24 -21 21 -23 -24 25 -26 -27 -28 -29 -30 -31
leaf_value=-0.04192940071976841 0.012062995352981625 0.11010344022590511 -0.03347525851712807 -0.04601538896098005 0.013719382052017609 -0.0084224207068075568 -0.014193988510359162 -0.038790599311529339 0.24841395241897485 0.12214079178719867 0.10893446850798837 0.0091005666181039422 -0.018819517173158769 0.064424433176687654 0.025617933357028777 -0.021755450291714745 0.024296999998686161 -0.0036369855732595689 0.14005681696634006 -0.030466179305577025 0.099191669701193474 -0.010335720359706538 -0.0078070715665386273 0.10706872113641759 0.0065188633942969663 -0.014800114588233668 0.007952383751315642 0.19195856197692213 -0.0096826216796178557 0.026916993792405877
leaf_weight=82.270266409846954 3.6039468346862114 17.982461478328336 23.159527027630247 1137.6034247567877 24.862779458635487 27.09214841062203 30.416269796201959 148.2448640994262 4.0711491499096146 23.825251045287587 14.103297718334941 13.563748602056874 31.14031558635179 10.355058112647386 11.315833920612929 15.305274007958358 15.050446619512512 24.633431607508101 197.75973985239398 20.279306409182027 16.269641842343844 13.898637093021536 1.8445477767381815 8.6871386619750393 6.5638056109892196 4.1240455907536662 2.0702544496161863 91.922257168218493 3.6081614340655497 8.800910785677841
leaf_count=65676 752 3046 14229 927914 7516 11936 19813 87178 1311 1809 415 2439 3359 2521 1230 7468 2127 3767 10034 2455 2960 8220 832 812 667 1326 550 4274 1106 2486
internal_value=0.00102429 0.0731318 0.104023 -0.0388225 0.00967533 0.112893 0.0557106 -0.0161316 0.0867743 0.119275 0.101949 0.157121 0.0391849 0.0701263 0.173525 0.0465098 0.120527 0.0512902 0.129983 0.00956994 0.121645 0.058721 0.19454 0.0296446 0.136271 0.0785479 0.2225 0.186958 0.0709103 -0.0337174
internal_weight=2034.43 721.121 527.179 1313.31 175.704 504.02 93.4333 193.942 63.017 464.116 343.711 120.406 85.5999 54.4596 106.842 36.8959 258.111 38.7367 219.374 30.6344 38.1542 30.1683 7.98595 39.9033 204.324 12.8112 6.1414 95.5262 21.5906 157.046
internal_count=1200228 165436 64152 1034792 106878 49923 41202 101284 21389 35849 27154 8695 10144 6785 6256 11620 17010 4182 12828 4976 13873 11180 2693 14074 10701 2138 1861 5026 4152 89664
cat_boundaries=0 29 61 77
cat_threshold=0 0 0 1792 0 0 28928 0 0 462848 0 0 196608 0 0 0 0 0 0 0 0 0 0 0 0 128 0 0 3584 0 0 0 0 0 0 256 0 0 393216 0 0 4259840 0 0 0 0 0 0 0 0 0 0 0 0 384 0 0 15360 0 0 65536 224 0 0 0 0 0 32768 0 0 8192 0 0 29360128 0 0 135266304
is_linear=0
shrinkage=0.05


Tree=10
num_leaves=31
num_cat=0
split_feature=45 0 36 45 0 27 14 43 45 27 23 21 31 12 36 41 21 29 39 27 14 17 12 10 14 27 39 1 44 1
split_gain=2108.86 281.487 242.912 180.646 163.878 129.953 110.161 109.281 194.579 188.704 137.877 143.73 115.968 140.196 76.6798 76.2936 76.0305 66.1451 64.8657 52.9432 47.989 46.2653 43.0357 40.064 38.5406 35.9479 34.0253 33.8055 30.5508 29.3037
threshold=5.9077367782592782 12.250000000000002 109.33971405029298 4.5112390518188485 32.750000000000007 1004.3822631835939 2.3043757677078252 5.6788227558135995 10.808646678924562 1002.2273864746095 27.688213348388675 1.9892489910125735 39.748394012451179 2.5082074403762822 1.4576911926269533 7.5057685375213632 2.103485226631165 0.99644088745117199 1.9229199290275576 1007.8483886718751 3.5708036422729497 2.2450717687606816 1.5226079225540163 1.9626839756965639 3.0253598690032963 1009.6080322265626 2.5549305677413945 88.250000000000014 2.5362962484359746 87.750000000000014
decision_type=2 2 2 2 2 2 2 2 2 2 2 2 2 2 2 2 2 2 2 2 2 8 2 2 2 2 2 2 2 2
left_child=3 2 -2 -1 5 6 -5 15 9 10 11 18 -11 -14 -6 20 -15 -4 27 26 22 29 -3 -10 -8 28 -18 -9 -24 -19
right_child=1 7 17 4 14 -7 24 8 23 12 -12 -13 13 16 -16 -17 19 21 -20 -21 -22 -23 25 -25 -26 -27 -28 -29 -30 -31
leaf_value=-0.047174324841482519 -0.033330957441645333 0.034970054527712499 0.0017229470979818373 -0.029347955742566729 0.13309992217287536 -0.033049560640009489 0.15341981198926927 0.24176317330032304 0.0018126454467536396 0.15255262874990216 0.024260604514242366 0.015170891638325768 -0.0080104651887324112 0.0080917757993644781 -0.0068196444305933844 -0.013666230063229735 0.12838584290094465 0.18392048602151229 0.039869901130316542 -0.018539965388979278 -0.0091931165003955612 0.001439184001293074 0.016250841542523788 0.12724644565658733 -0.004067280618000736 0.015092765870493725 -0.009479678577691511 0.007041202492851617 0.1662739846207783 0.0013931949126326406
leaf_weight=1012.8009822419845 110.98533678706735 16.264622916816734 11.970483742421491 14.084767487249339 20.275183946359903 185.72355129779316 12.341768095386216 24.874688280629929 7.0092913074186063 7.0114760773722073 38.840210177702829 16.734583009267226 187.51351394422818 37.414885507896543 13.093817589688113 7.6138674105750388 39.438207628089003 14.50719593733084 10.707298097666351 5.3904912763973689 4.4642421357566482 5.2038232252234584 5.9073417492909348 116.78888039116282 4.0903898652177295 6.8497378317406392 3.474913179758004 2.2448408751515663 85.243542694719508 2.5843204830307505
leaf_count=883288 68884 5555 4441 9667 5467 129444 1205 943 610 1042 6641 458 51532 7496 4718 2262 1231 834 330 802 399 578 101 3706 734 2951 358 373 3306 661
internal_value=0.00180855 0.0665885 0.00355608 -0.0378674 0.000258377 -0.0168186 0.0657385 0.0809781 0.0678474 0.0476076 0.10574 0.151001 0.0252572 0.0167198 0.0892834 0.123909 0.0660035 0.103571 0.195355 0.101779 0.133107 0.140788 0.138959 0.120811 0.12751 0.151382 0.11754 0.229465 0.159119 0.167023
internal_weight=2031.45 769.038 145.251 1262.41 249.609 216.24 30.5169 623.787 497.443 373.645 93.4016 54.5614 280.243 273.232 33.369 126.343 85.7185 34.2658 37.8268 48.3036 118.729 22.2953 114.265 123.798 16.4322 98.0006 42.9131 27.1195 91.1509 17.0915
internal_count=1200017 165494 75398 1034523 151235 141050 11606 90096 75522 71206 8745 2104 62461 61419 10185 14574 9887 6514 1646 2391 12312 2073 11913 4316 1939 6358 1589 1316 3407 1495
is_linear=0
shrinkage=0.05


Tree=11
num_leaves=31
num_cat=1
split_feature=45 9 1 0 29 0 7 13 45 0 13 43 21 32 0 27 27 1 24 27 45 23 31 0 13 7 41 10 32 1
split_gain=1924.25 321.067 171.45 148.119 115.863 191.074 188.541 106.618 90.7739 152.98 84.9244 78.88 76.6796 65.997 55.3571 56.9239 53.3692 77.3212 52.8184 50.7004 48.8095 48.7817 46.5468 43.1699 36.3698 35.6494 32.2653 64.7841 59.8709 37.7942
threshold=5.4758880138397226 0 88.250000000000014 20.250000000000004 0.99386215209960949 12.750000000000002 2.5000000000000004 2.2375528812408452 3.9029332399368291 32.750000000000007 2.9412064552307133 9.0580029487609881 1.0188212394714358 994.71066284179699 17.750000000000004 1008.8861694335939 1007.9600830078126 72.750000000000014 27.907897949218754 1004.3822631835939 10.808646678924562 28.864654541015629 49.690937042236335 12.750000000000002 2.1375988721847539 1.5000000000000002 5.5807726383209237 3.1552662849426274 1573.3192138671877 69.750000000000014
decision_type=2 1 2 2 2 2 2 2 2 2 2 2 2 2 2 2 2 2 2 2 2 2 2 2 2 2 2 2 2 2
left_child=8 7 4 -4 5 -3 11 20 -1 10 -10 12 -6 22 15 -14 17 -8 -9 -12 -2 26 -11 -20 -5 -13 27 28 -7 -28
right_child=1 2 3 24 6 21 16 18 9 13 19 25 14 -15 -16 -17 -18 -19 23 -21 -22 -23 -24 -25 -26 -27 29 -29 -30 -31
leaf_value=-0.048802868832903704 -0.031756138304466885 -0.025402103981971569 -0.017699350667347954 0.14495398169937651 0.01232956224766512 0.14950447747154558 0.070673970204597938 -0.016333225673045779 -0.040336241017249135 0.15066663798804036 0.12172233814661892 0.10793438667607974 0.20983542324056922 0.0084002887896320131 0.032258702639151156 0.0033883172383280878 0.095152348897718481 -0.035494834775822159 -0.015447753156438532 -0.018663707882700189 0.048902746731447053 -0.014816935144420571 -0.013161934930860953 0.12350434104637187 -0.002656098698981548 0.02541576174473005 0.11187113816682799 0.0060974495354235436 -0.008375291864146853 0.05260538277150234
leaf_weight=868.85358831996564 137.18204914522357 48.684084398671985 86.668182256864384 11.252307779155673 8.3473455619532597 50.017530235112645 17.83126897981856 10.664420276065355 209.70805852150079 11.168526121880857 4.4372945046052319 35.922301415354013 69.670341491466388 30.110777511727065 9.7228824130725098 3.8309738624375305 15.678207004326394 34.866743207792751 4.459474224830049 7.5082155970158055 12.453874718630685 11.170775675214825 3.5648545887088394 17.55162169598043 4.751606128178536 29.386117320391349 37.449703574413434 12.61856690479908 5.5328905471833414 202.93909175938461
leaf_count=802149 96127 18840 39048 1951 2285 3548 1353 4127 165756 5220 394 1738 2496 11468 891 715 1375 2761 3011 4241 714 4334 2391 3405 1189 1932 1885 1224 975 12477
internal_value=0.00183335 0.0570359 0.0717802 0.0118083 0.0829738 0.0625939 0.112228 -0.00362815 -0.0410131 -0.0147699 -0.0320808 0.141327 0.173542 0.0610419 0.186655 0.20077 0.0359516 0.00597162 0.0665923 0.0651875 -0.0224002 0.0763568 0.121732 0.0993211 0.11696 0.0791097 0.0800191 0.114888 0.134901 0.0659374
internal_weight=2014 878.652 696.341 102.672 593.669 368.413 225.256 182.311 1135.35 266.498 221.654 156.88 91.5715 44.8442 83.2242 73.5013 68.3762 52.698 32.6755 11.9455 149.636 319.729 14.7334 22.0111 16.0039 65.3084 308.558 68.169 55.5504 240.389
internal_count=1200020 208401 101017 42188 58829 43283 15546 107384 991619 189470 170391 10057 6387 19079 4102 3211 5489 4114 10543 4635 96841 24443 7611 6416 3140 3670 20109 5747 4523 14362
cat_boundaries=0 1
cat_threshold=34
is_linear=0
shrinkage=0.05


Tree=12
num_leaves=31
num_cat=4
split_feature=5 45 9 16 27 35 33 21 30 24 5 20 30 43 24 24 0 17 33 24 28 5 16 41 35 41 0 17 14 27
split_gain=1829.17 558.189 124.472 144.424 118.822 93.4656 93.9564 102.24 86.1676 78.4404 74.776 70.7101 69.0925 59.584 55.0102 54.2112 53.3611 50.4098 49.5116 52.4655 45.3069 42.3732 38.3108 49.2433 34.4473 37.7287 33.9748 30.2018 29.3934 31.8568
threshold=0 4.7063615322113046 1 2.2563606500625615 1009.3721618652345 0.068187713623046889 5.8995838165283212 2.7421920299530034 422.43750000000006 -5.4373779296874991 2 1.5239309668540957 5.7812500000000009 3.4565888643264775 28.587844848632816 27.762435913085941 14.250000000000002 2.2765784263610844 13.444223880767824 28.192367553710941 1001.7609252929689 3 3.4707897901535039 9.2865915298461932 16.651630401611332 5.6205167770385751 17.750000000000004 2.0926798582077031 3.4789731502532963 1004.1128234863282
decision_type=9 2 1 10 2 2 2 2 2 2 9 2 2 2 2 2 2 8 2 2 2 9 10 2 2 2 2 10 2 2
left_child=1 9 3 21 11 20 7 8 -7 12 18 -5 13 -1 17 -13 -17 -10 19 -8 -4 -3 23 -18 -12 26 -26 28 29 -27
right_child=-2 2 5 4 -6 6 10 -9 14 -11 24 15 -14 -15 -16 16 22 -19 -20 -21 -22 -23 -24 -25 25 27 -28 -29 -30 -31
leaf_value=-0.015460643165389637 -0.045431364890839925 0.034354315254629147 0.0055627442053868886 -0.017336524980429514 -0.030465373616222494 0.020531731912685772 0.080521828852054167 -0.015949915551971353 0.18193459954116487 -0.042133576325744715 0.081866147651996554 -0.009333534061267218 -0.022056318993087746 0.16616142974828105 0.021199125740316436 0.007218623558232687 0.21352825384962326 0.061359415859595305 -0.023486919129724473 -0.021916209343772902 0.19244229027921322 -0.033257792008386335 0.0026906265090359122 0.00438913529181239 0.097572447388876979 0.09699393261223363 -0.006641601600546697 0.0051521531371164116 -0.015768430184283835 0.0031639444411564336
leaf_weight=4.4680838549975332 1015.7738083529985 14.301523308618924 4.3524830141104784 6.8035559747368088 15.52450042136479 21.114270079182461 24.281781509169377 12.175569107523186 59.289068736601621 153.89395413582679 253.16849155037198 4.7159845923306412 14.998982970835639 3.4137080075452104 12.063693055068141 6.4518103511072686 18.909493445884443 26.040726959239691 45.13923253910616 14.166008930187671 18.202444298774935 74.410311678191647 3.2327922449912867 3.5903601514874017 37.629172414191999 23.561371169169433 7.8989632395096114 72.367041131015867 8.3187776933191326 13.333609259687362
leaf_count=3725 923681 8264 678 3605 10456 851 3076 244 1585 133542 18297 1583 10048 1688 932 2479 2783 776 12696 2586 2565 45551 817 209 1293 1031 607 3308 369 989
internal_value=0.00112891 0.0494264 0.0675305 0.019169 0.0748352 0.076587 0.0718818 0.110677 0.123915 -0.0291885 0.0597675 0.110948 0.0442134 0.112134 0.142329 0.133254 0.151407 0.155434 0.0090335 0.0460455 0.169166 -0.0198707 0.175421 0.191775 0.0677037 0.0461732 0.0815518 0.027156 0.0550627 0.07099
internal_weight=1993.59 977.818 801.043 147.94 59.2285 653.103 630.548 130.683 118.508 176.775 499.864 43.704 22.8808 7.88179 97.3935 36.9004 32.1845 85.3298 83.587 38.4478 22.5549 88.7118 25.7326 22.4999 416.277 163.109 45.5281 117.581 45.2138 36.895
internal_count=1200314 276633 127630 75747 21932 51883 48640 4388 4144 149003 44252 11476 15461 5413 3293 7871 6288 2361 18358 5662 3243 53815 3809 2992 25894 7597 1900 5697 2389 2020
cat_boundaries=0 32 33 62 91
cat_threshold=64 0 0 1792 0 0 28928 0 0 471040 0 0 4390912 0 0 0 0 0 0 0 0 0 0 0 0 384 0 0 15872 0 0 65536 32 64 0 0 1792 0 0 0 0 0 8192 0 0 0 0 0 0 0 0 0 0 0 0 0 0 0 256 0 0 7680 64 0 0 0 0 0 4096 0 0 0 0 0 0 0 0 0 0 0 0 0 0 0 0 0 0 128 0 0 6144
is_linear=0
shrinkage=0.05


Tree=13
num_leaves=31
num_cat=5
split_feature=5 45 34 6 5 5 20 43 32 34 0 6 28 14 15 41 1 30 41 25 41 0 30 43 41 17 29 41 29 43
split_gain=1698.9 510.969 193.418 113.64 252.17 177.866 185.838 158.013 158.619 109.269 72.7575 47.4128 67.8862 46.161 46.0921 45.2313 150.38 64.8935 61.9062 52.1284 45.1049 42.4528 42.438 38.849 37.5976 37.3761 34.2972 30.5351 29.0475 27.3425
threshold=0 4.7063615322113046 0.35928344726562506 1 2 3 2.1396031379699711 8.8806242942810076 1419.9067382812502 -4.0101013183593741 10.250000000000002 4 1013.0359497070314 3.2216323614120488 1.2396003007888796 6.7712635993957528 69.250000000000014 976.06250000000011 8.467473506927492 10.700969219207765 4.611354112625123 18.750000000000004 5.7812500000000009 9.6665177345275897 7.5057685375213632 3.1286156177520756 0.98556137084960949 7.0498661994934091 0.58364486694335949 3.4565888643264775
decision_type=9 2 2 1 9 9 2 2 2 2 2 1 2 2 10 2 2 2 2 2 2 2 2 2 2 10 2 2 2 2
left_child=1 11 3 5 9 -3 7 8 10 15 -7 12 -1 -6 -12 17 18 19 27 20 -5 28 29 -8 25 -16 -15 -17 -20 -14
right_child=-2 2 -4 4 13 6 23 -9 -10 -11 14 -13 22 26 24 16 -18 -19 21 -21 -22 -23 -24 -25 -26 -27 -28 -29 -30 -31
leaf_value=-0.024414736984775001 -0.044761722782361818 -0.017497477716335044 -0.033989269655253666 -0.010519202410693741 -0.034717302324494777 0.00013607475573281595 0.076408509772843844 0.040543755699831555 0.018367192046163106 -0.015894254535501938 0.031466568841164853 -0.040421431694688856 -0.0073735855124964708 0.060567090282061954 0.24238266792115959 0.065004439209399856 -0.0027398698652824848 -0.0055108039371449292 0.00083119188705232526 0.05780526184283883 0.16592471093125841 -0.010467632685238204 -0.014207539659970909 -0.0054472077062999846 -0.0053762805173893681 -0.0051655904207847294 -0.014167713512651739 -0.026212257496384811 0.17709758113178184 0.16794194986339914
leaf_weight=21.185201351647269 970.38578309223522 37.944797610864043 42.874719194718637 2.6352410473627961 85.605218026903458 3.9385945233516386 267.41800218436401 32.550294006476179 14.690240554162299 26.522446722374298 6.5045322033110997 140.86654687626287 1.7274311963701601 19.506141346064396 60.973040021606721 8.3997077747480962 56.913034638157114 9.8791221538558585 2.6191470221383559 39.910051027312875 48.77351034572348 2.5809941698098546 3.9591617424739525 13.940706520806996 1.179384933086111 1.1369272568263102 25.754790341597982 10.300358313252216 22.692214026465081 2.3866643422516063
leaf_count=16707 923269 5202 30509 733 34665 2055 7558 1471 1658 15143 1717 126611 1536 1942 5493 385 7656 1618 177 869 2981 374 2757 1608 210 249 1415 1122 806 981
internal_value=0.00208709 0.04684 0.0630991 0.0686416 0.0416774 0.0865516 0.0967286 0.151061 0.183491 0.0715022 0.210268 -0.0303589 0.0209926 -0.0135128 0.220623 0.0863689 0.0541747 0.111464 0.111896 0.123414 0.15664 0.149595 0.0993425 0.072305 0.233117 0.237763 0.0231726 0.0231339 0.164259 0.141261
internal_weight=1985.75 1015.37 845.243 802.368 362.092 440.277 402.332 120.973 88.4227 231.226 73.7325 170.125 29.2585 130.866 69.7939 204.703 103.505 101.198 46.5924 91.3188 51.4088 27.8924 8.07326 281.359 63.2894 62.11 45.2609 18.7001 25.3114 4.1141
internal_count=1199477 276208 127616 97107 69886 27221 22019 12853 11382 31864 9724 148592 21981 38022 7669 16721 10520 6201 2864 4583 3714 1357 5274 9166 5952 5742 3357 1507 983 2517
cat_boundaries=0 32 33 65 78 79
cat_threshold=64 0 0 1792 0 0 28928 0 0 471040 0 0 4390912 0 0 0 0 0 0 0 0 0 0 0 0 384 0 0 15872 0 0 65536 9 0 0 0 0 0 0 256 0 0 405504 0 0 196608 0 0 0 0 0 0 0 0 0 0 0 0 128 0 0 0 0 0 65536 0 0 0 0 0 0 0 0 0 12288 0 0 196608 1
is_linear=0
shrinkage=0.05


Tree=14
num_leaves=31
num_cat=4
split_feature=5 14 34 6 5 5 21 43 34 23 23 0 1 43 38 34 34 41 30 29 38 23 17 0 41 43 30 0 17 30
split_gain=1536.04 353.638 195.695 103.804 232.468 146.442 235.008 174.036 106.435 92.066 88.41 105.932 63.6538 61.0758 60.0591 58.5184 56.2654 53.17 46.8307 43.7171 38.6533 36.0625 35.3647 33.2253 29.1808 28.7157 28.3631 26.5304 24.3356 26.1359
threshold=0 1.6629874110221865 0.15563964843750003 1 2 3 2.1908317804336552 9.6665177345275897 -6.4831848144531241 -7.8021373748779288 27.666179656982425 17.750000000000004 69.250000000000014 3.9224773645401005 2.0612795352935795 -14.069946289062498 -8.8191833496093732 7.0498661994934091 1786.9375000000002 0.42532730102539068 5.9588027000427255 28.133037567138675 1.126561760902405 14.750000000000002 7.5057685375213632 9.6665177345275897 1196.3125000000002 8.7500000000000018 1.0712242722511294 754.06250000000011
decision_type=9 2 2 1 9 9 2 2 2 2 2 2 2 2 2 2 2 2 2 2 2 2 10 2 2 2 2 2 10 2
left_child=1 9 3 5 -5 -3 7 15 10 13 17 12 -12 -1 -10 -7 -8 20 22 -15 23 -16 -17 -6 27 26 -18 -24 -25 -30
right_child=-2 2 -4 4 8 6 16 -9 14 -11 11 -13 -14 19 21 18 25 -19 -20 -21 -22 -23 24 28 -26 -27 -28 -29 29 -31
leaf_value=-0.023440026917129212 -0.045531995497691415 -0.017490022757034717 -0.037018589297393066 -0.023465897750062147 -0.00021338500328989306 0.00076067368726550841 -0.018574139095712473 0.017214493253754959 -0.024025575021846178 -0.039869016417735909 0.14772342194601923 -0.023726060082077522 0.030698369260047938 0.125313899329836 0.0010819935580732925 -0.0023471022273628575 0.074043275065631797 -0.012652527828375766 -0.0076391669807156781 0.0074763401233607953 0.041679455987338299 0.083333660155259281 -0.0057789275033551316 0.00071951091338413702 -0.0037049192002415101 -0.014512804846699551 0.021797325522306801 0.18174699655475285 0.17047363129821569 0.032847243794145289
leaf_weight=20.064452615391929 908.03531364054652 36.631597106868867 47.508537881949451 106.72821815981297 3.8006912565324447 5.5533725167624644 18.710731542785652 27.966697568888776 43.471911379077937 136.82837781612761 13.236013444722628 34.859851517365314 37.956258323974907 10.21518014528556 22.507462509558536 2.5669470744323908 196.1960322962841 5.7434400753118089 2.8620252586551933 15.115292204427531 22.706174887251109 23.645101394038647 1.3004674196708936 2.6952484517823896 1.8108042635722075 8.1518436451442522 41.759566611261107 110.64418305456638 50.774776062811725 9.5157054915325698
leaf_count=17164 911613 5879 37261 40784 93 588 416 1259 21593 121827 295 3270 3211 2354 2019 992 6249 306 855 4188 355 1864 706 152 364 1388 1899 8528 2375 257
internal_value=0.00168445 0.0421532 0.0555799 0.0612456 0.0366977 0.0779573 0.0867481 0.137398 0.0603834 -0.0199643 0.0837064 0.0399818 0.080152 0.0363987 0.0156011 0.161066 0.0567609 0.115661 0.167899 0.0770161 0.12434 0.0505577 0.172481 0.143355 0.176297 0.06299 0.0661233 0.179273 0.150861 0.156515
internal_weight=1969.56 1061.53 879.304 831.795 377.641 454.154 417.523 152.704 270.913 182.223 181.288 86.0521 51.1923 45.3949 89.6245 124.738 264.818 95.236 119.184 25.3305 89.4926 46.1526 116.322 66.7864 113.755 246.107 237.956 111.945 62.9857 60.2905
internal_count=1200104 288491 142958 105697 76574 29123 23244 13292 35790 145533 10314 6776 3506 23706 25476 12033 9952 3538 11445 6542 3232 3883 10590 2877 9598 9536 8148 9234 2784 2632
cat_boundaries=0 32 33 62 75
cat_threshold=64 0 0 1792 0 0 61696 0 0 471040 0 0 4390912 0 0 0 0 0 0 0 0 0 0 0 0 384 0 0 15872 0 0 65536 9 64 0 0 1792 0 0 53248 0 0 0 0 0 4194304 0 0 0 0 0 0 0 0 0 0 0 0 0 0 0 2560 0 0 0 0 0 0 0 0 0 12288 0 0 196608
is_linear=0
shrinkage=0.05


Tree=15
num_leaves=31
num_cat=1
split_feature=14 31 27 18 1 0 20 34 29 43 8 43 1 42 40 18 41 17 42 12 40 10 12 41 12 1 12 41 35 13
split_gain=1169.18 233.785 219.723 214.93 161.649 118.729 90.9856 133.619 69.8618 70.3557 60.0332 100.735 66.7714 72.7884 43.3912 37.5973 37.4792 42.75 38.193 37.1409 68.5387 37.1384 65.3097 32.1235 31.6358 27.4737 25.1594 31.1598 28.3493 24.3871
threshold=2.1222804784774785 37.74864578247071 1009.3721618652345 0.82055103778839122 89.250000000000014 32.750000000000007 1.6940328478813174 -5.1655578613281241 0.34315490722656256 3.4860379695892338 0 9.6665177345275897 69.250000000000014 9.8022179603576678 5.5008912086486825 1.5225962400436404 5.5807726383209237 2.0039395093917851 11.178267955780031 2.0368937253952031 4.2125484943389901 1.9059140682220461 1.884119510650635 7.5057685375213632 1.3187076449394228 86.750000000000014 1.7561987042427065 6.0560219287872323 7.626056671142579 2.3528010845184331
decision_type=2 2 2 2 2 2 2 2 2 2 1 2 2 2 2 2 2 10 2 2 2 2 2 2 2 2 2 2 2 2
left_child=1 3 4 -1 6 -5 7 16 9 -7 12 24 14 21 -8 29 19 18 -18 -2 -21 25 -23 -24 -12 -14 -3 -28 -29 -11
right_child=2 26 -4 5 -6 8 10 -9 -10 15 11 -13 13 -15 -16 -17 17 -19 -20 20 -22 22 23 -25 -26 -27 27 28 -30 -31
leaf_value=-0.042068491103459837 0.018236447403755334 -0.047167770724676879 -0.031550381562177349 -0.022661896967726847 -0.025386623880996158 -0.013718061035608301 0.12969661657872864 -0.028921768399181837 0.041141464301785877 0.21166828780945629 -0.00079036088875973707 -0.00062070547941111599 0.10976632283597348 0.0075997342323426142 0.0072244000708629524 0.003523243748470628 0.0085580916928043784 -0.0044658232469397107 0.075467518830328956 0.16598982573060236 0.034118476581324914 -0.0052593099645306977 0.064285645854231091 -0.018237811889172006 0.13915152344075668 0.024133466441056125 -0.031651425194030268 -0.015435147605505579 0.077087468412626911 -0.0013445356967635583
leaf_weight=65.156098982086405 23.534138449060265 801.17379668616923 85.155439153662883 20.962592238909565 60.764384052483365 3.7745473384275128 39.80059239914408 64.612584589165635 36.412617626076099 16.498793355247479 4.1499387124786145 17.472958687110804 51.635390293609817 88.284536949708126 9.8979976747650635 3.0241227740189052 37.342991254641674 52.110955851676408 50.496019865735434 15.061951298674101 27.517757415771484 46.995005748234689 169.37244711979292 8.4679460288607498 64.823304605786689 19.06977627373999 53.897035760048311 11.598716946726201 5.9991491953842333 1.2830462172860269
leaf_count=68214 2659 854362 64764 15683 38311 3376 3150 34924 10907 3209 1233 772 3624 6824 473 408 5045 4354 1480 559 935 6887 7123 2667 1914 2270 43191 8317 2199 205
internal_value=0.00203226 -0.0348491 0.0421345 0.0222569 0.0497849 0.0724101 0.0558071 0.0305938 0.103675 0.157624 0.0681072 0.107661 0.0579703 0.0485202 0.110601 0.183071 0.0497302 0.0312989 0.0508044 0.0795075 0.103463 0.0600953 0.0463921 0.0595945 0.131698 0.0925225 -0.0446189 -0.0137736 0.0326096 0.201347
internal_weight=1956.35 1019.78 936.566 147.112 851.411 81.9557 790.646 270.676 60.9931 24.5805 519.97 86.4462 433.524 383.825 49.6986 20.806 206.064 139.95 87.839 66.1138 42.5797 295.541 224.835 177.84 68.9732 70.7052 872.669 71.4949 17.5979 17.7818
internal_count=1200039 1010071 189968 102002 125204 33788 86893 49956 18105 7198 36937 3919 33018 29395 3623 3822 15032 10879 6525 4153 1494 22571 16677 9790 3147 5894 908069 53707 10516 3414
cat_boundaries=0 1
cat_threshold=2
is_linear=0
shrinkage=0.05


Tree=16
num_leaves=31
num_cat=1
split_feature=14 27 31 6 1 27 1 20 26 43 23 12 31 32 10 1 27 24 30 14 1 15 20 26 11 32 15 11 1 30
split_gain=1055.67 165.195 164.132 129.609 183.898 168.1 101.682 116.273 99.2372 70.8173 70.1534 67.8347 59.4638 71.1273 42.8466 41.5405 40.4554 39.8635 38.1648 38.0144 32.0186 29.1323 35.9705 29.0606 36.9772 31.1352 29.7608 26.8315 25.0416 21.0921
threshold=1.7705253362655642 1009.2371215820314 39.748394012451179 0 70.250000000000014 1003.1724853515626 80.750000000000014 2.2557395696640019 7.8361475467681894 9.6665177345275897 27.558872222900394 1.3187076449394228 38.397409439086921 1102.4482421875002 3.1552662849426274 90.250000000000014 1004.9089965820314 28.814376831054691 1760.6875000000002 3.2780367136001591 86.250000000000014 2.0992113351821904 1.4275738596916201 8.3443555831909197 1.7635062336921694 452.84933471679693 2.7247054576873784 0.89725002646446239 84.750000000000014 349.03125000000006
decision_type=2 2 2 1 2 2 2 2 2 2 2 2 2 2 2 2 2 2 2 2 2 10 2 2 2 2 10 2 2 2
left_child=8 3 28 6 14 10 16 9 -1 11 20 -8 13 -10 17 18 21 27 29 -16 -6 22 -2 24 -9 -26 -25 -5 -3 -13
right_child=1 2 -4 4 5 -7 7 23 12 -11 -12 15 -14 -15 19 -17 -18 -19 -20 -21 -22 -23 -24 26 25 -27 -28 -29 -30 -31
leaf_value=-0.045609134958167437 -0.0053855386299257249 -0.0080352185874696253 -0.036121769744483286 -0.016023018475700795 0.095028764351756348 -0.028801244255098824 -0.011616077338164315 -0.0013190644087606089 0.11450577420152648 0.007030602441554787 0.0063635651080344363 0.0019531368280079294 -0.030282577068595828 -0.002176869257866637 0.017280338229488386 -0.014284823613025827 -0.028516260531838162 -0.010681360135368093 -0.00024189663176662886 0.13037208087358992 0.016458591290694415 -0.008467540488782066 0.096469804927764122 0.033771104531400614 0.0056930596469582477 0.083153303970862666 -0.02279329325301141 0.074727240220319596 0.10549101854633265 0.12613430370332335
leaf_weight=778.89731293503428 11.756906842987521 4.239739443059082 132.02924668369815 6.0076997810974708 44.903673765307758 192.41960450075567 9.4227250951225852 21.711234050162602 12.430975900730116 20.845137501426507 80.747741208528168 3.8175705006578928 37.870444274507463 30.394997800176498 13.102570416347588 3.9834639875334679 34.109995306585915 24.481358874530997 6.4478234249399966 33.129569894517772 23.384487024624832 20.551566912326962 14.892290128453167 63.594482519896701 17.26972200057935 71.324124922684859 25.740582869504578 39.826019697648007 18.496132924745325 151.30007627996383
leaf_count=885905 709 1173 109593 1671 1060 95692 5123 4012 2773 1310 10509 290 29708 8320 849 2256 11653 5053 553 672 1687 1037 217 2933 181 1049 1632 5317 3133 4400
internal_value=0.000980292 0.0335328 -0.0135871 0.0413955 0.020157 0.00146372 0.0593318 0.0708003 -0.0401912 0.0979511 0.0398927 0.107817 0.0113665 0.0469569 0.0720733 0.11489 0.00840682 0.0385801 0.118721 0.107094 0.0736624 0.0354101 0.0623256 0.0407675 0.0571529 0.0701628 0.016819 0.0620928 0.0883333 0.123381
internal_weight=1949.13 1089.54 154.765 934.77 458.003 341.456 476.768 395.457 859.594 195.817 149.036 174.972 80.6964 42.826 116.547 165.549 81.3108 70.3151 161.565 46.2321 68.2882 47.2008 26.6492 199.64 110.305 88.5938 89.3351 45.8337 22.7359 155.118
internal_count=1200470 273764 113899 159865 122510 108948 37355 23739 926706 13932 13256 12622 40801 11093 13562 7499 13616 12041 5243 1521 2747 1963 926 9807 5242 1230 4565 6988 4306 4690
cat_boundaries=0 1
cat_threshold=8
is_linear=0
shrinkage=0.05


Tree=17
num_leaves=31
num_cat=3
split_feature=5 34 17 33 14 28 29 5 7 15 34 33 33 29 11 34 44 5 27 11 32 27 11 32 41 37 24 41 18 19
split_gain=1242.5 229.605 155.218 82.6765 113.34 58.1363 50.594 85.0068 84.4565 61.3592 48.5798 48.3264 46.3998 42.1934 41.13 45.1061 45.065 40.7048 36.6548 52.196 35.7994 32.4749 31.6939 31.4186 29.3695 27.77 27.2473 25.0953 23.818 22.32
threshold=0 0.25790405273437506 1.0579692721366885 19.124544143676761 3.2780367136001591 1012.1127929687501 0.99386215209960949 1 2.5000000000000004 2.5506347417831425 -3.5640258789062496 16.683072090148929 15.96575975418091 0.57244491577148449 1.8155791759490969 -6.1135559082031241 9.7800726890563983 2 1005.7678833007814 2.507046222686768 828.95440673828136 1008.8861694335939 2.4226619005203252 756.55166625976574 4.7640221118927011 2.1749277114868169 27.954269409179691 6.3408474922180185 0.82055103778839122 2.4658933877944951
decision_type=9 2 10 2 2 2 2 9 2 10 2 2 2 2 2 2 2 9 2 2 2 2 2 2 2 2 2 2 2 2
left_child=1 2 -1 5 17 6 7 -4 10 20 25 13 18 28 15 -14 -16 24 -9 -20 22 -12 -10 -6 -5 26 -8 -26 -7 -21
right_child=-2 -3 3 4 23 11 8 12 9 -11 21 -13 14 -15 16 -17 -18 -19 19 29 -22 -23 -24 -25 27 -27 -28 -29 -30 -31
leaf_value=-0.03490675031414435 -0.045061252243134037 -0.0388297031874138 -0.010970836376300983 -0.014602411105745158 -0.011537540006488505 -0.0049688294142507701 0.057560559638058 0.047326163915942007 0.10171794271803827 -0.020344802027396892 0.14056389823930157 0.0021054791514556015 0.062428752990258046 0.0083668979172222598 0.10472499195992298 -0.018682365389327486 -0.00081356882323737841 -0.027623384184658806 -0.016148239877833311 -0.006345417326571387 -0.00073017585008688891 -0.0015679290049568501 -0.0086092125515322138 0.098373453552620532 0.11493090820959236 0.084617270964816957 0.0038427930453728042 -0.0096567290289610412 0.19359167726525239 0.061484889836542024
leaf_weight=55.062741690897383 801.42451609787531 87.9751367776189 75.642409419291653 8.3405146270524728 5.5711727415910017 1.097948727896443 56.957295191008598 187.96586414106423 23.446587822865698 42.337274087883998 40.090330737701152 7.1714423894882193 29.343583829002455 5.3755426743300623 72.015639668854419 23.960430658014957 11.362710909103042 92.315053264785092 70.446986351103988 13.903975267079657 19.124279264826328 4.1312764220638192 6.2571659075329071 25.844262646394782 4.5347301782458072 84.47973774233833 38.807252222206444 3.6126391220605001 11.098941933887543 37.961415307363495
leaf_count=50785 912270 83052 20842 7272 2991 560 2299 7744 2543 2178 1803 2382 3440 2112 4322 7593 745 61516 8417 910 1392 715 319 872 1535 1386 4192 2252 1754 559
internal_value=0.00207486 0.0352213 0.0420129 0.0465376 0.0100864 0.0522769 0.0488572 0.0379481 0.0651999 0.0215103 0.0812699 0.120719 0.0455296 0.150806 0.0708566 0.0287772 0.0917954 -0.0154146 0.0339302 0.0113228 0.0550909 0.129445 0.0821624 0.0808025 0.0348395 0.0632675 0.0382137 0.0848077 0.181532 0.0452146
internal_weight=1947.66 1146.23 1058.26 1003.2 140.218 862.978 838.234 522.603 315.631 91.1653 224.466 24.7439 446.961 17.5724 136.682 53.304 83.3784 108.803 310.278 122.312 48.828 44.2216 29.7038 31.4154 16.4879 180.244 95.7645 8.14737 12.1969 51.8654
internal_count=1200752 288482 205430 154645 76438 78207 71399 54572 16827 6432 10395 6808 33730 4426 16100 11033 5067 72575 17630 9886 4254 2518 2862 3863 11059 7877 6491 3787 2314 1469
cat_boundaries=0 32 64 96
cat_threshold=64 0 0 1792 0 0 61696 0 0 471040 0 0 4390912 0 0 0 0 0 0 0 0 0 0 0 0 384 0 0 15872 0 0 65536 64 0 0 1792 0 0 0 0 0 8192 0 0 131072 0 0 0 0 0 0 0 0 0 0 0 0 0 0 0 9728 0 0 65536 0 0 0 0 0 0 8192 0 0 0 0 0 4194304 0 0 0 0 0 0 0 0 0 0 0 0 128 0 0 8192 0 0 65536
is_linear=0
shrinkage=0.05


Tree=18
num_leaves=31
num_cat=0
split_feature=18 31 27 18 1 0 29 29 0 7 27 19 27 11 40 11 11 36 19 36 43 36 19 39 25 1 23 11 31 25
split_gain=823.887 200.224 172.468 152.721 106.591 72.7214 59.6738 43.9825 84.5027 73.6058 52.6513 54.7034 50.4624 104.281 52.3305 40.0889 38.7152 52.7525 34.8972 31.05 29.8991 26.9607 27.6751 26.4759 25.8155 24.3116 24.2744 23.3177 29.051 22.7935
threshold=1.6729612350463869 37.74864578247071 1009.6080322265626 0.82055103778839122 89.750000000000014 32.750000000000007 0.30529403686523443 0.99386215209960949 12.750000000000002 2.5000000000000004 1005.6702270507814 1.2962244749069216 1005.6702270507814 2.507046222686768 4.3702342510223398 1.8697447776794436 1.6498202681541445 99.143028259277358 1.3636470437049868 52.114963531494148 3.346261858940125 10.026454925537111 2.6527621746063237 0.73255217075347911 6.2667446136474618 84.750000000000014 27.228260040283207 1.7891831398010256 85.294113159179702 9.0165514945983904
decision_type=2 2 2 2 2 2 2 2 2 2 2 2 2 2 2 2 2 2 2 2 2 2 2 2 2 2 2 2 2 2
left_child=1 3 4 -1 7 -5 20 8 -2 10 26 -12 14 27 18 29 -3 -18 -10 -17 -7 -20 -23 -15 -21 -22 -9 -14 -29 -11
right_child=2 16 -4 5 -6 6 -8 9 12 15 11 -13 13 23 -16 19 17 -19 21 24 25 22 -24 -25 -26 -27 -28 28 -30 -31
leaf_value=-0.04122363832304049 -0.022085694408529352 -0.046607156973550799 -0.041991263579148903 -0.021678931435896463 -0.033067119932014361 -0.0076285237827411548 0.029045841278046231 0.069948170327078077 0.029456987444468327 0.085692950792570721 -0.011540648742638292 0.12195540165428383 -0.026633603567543254 -0.013466945883471604 0.020609288684969754 0.049691622222704235 -0.030122807765684951 0.053319044486038594 -0.01300148526140619 0.028235949104394011 -0.0051077470301792126 0.090817114484469275 -0.01088367652763547 0.069476468050072834 -0.036515060471706468 0.14460163626708022 0.02720166429532276 0.033444647581850999 -0.024530202529274209 -0.0060068504467777088
leaf_weight=57.987805266224314 57.228104632231407 687.82291402568808 64.032725983881392 19.886043605860323 42.83195297268685 2.9763623679173206 45.914851504960097 81.851976254605688 61.374526421248447 14.97257509751944 6.7703201617696314 60.883330800279509 66.968959045829251 7.5628975977306245 101.67810644803103 10.837525315233504 57.642733040382154 16.446648610814009 4.6437034665723322 12.965190370741764 2.2182031241827671 119.83528278424637 4.9307080315775229 73.634475885715801 45.385381603206042 24.763145911390893 84.848479761683848 45.680198781890795 26.317172276263591 7.6028250450035548
leaf_count=68280 28073 838800 61707 15716 29665 2866 12235 2120 7920 2558 2871 2998 25289 344 3396 1003 54594 8655 864 283 604 6752 165 3732 2420 3303 5659 5013 1581 973
internal_value=0.00157482 -0.0325305 0.032729 0.0185586 0.0382143 0.0552353 0.0755713 0.0419493 0.0325136 0.0569792 0.0714372 0.10883 0.0389149 0.0195317 0.0523783 0.0166634 -0.0429466 -0.00746205 0.0674398 -0.00427471 0.121764 0.0820486 0.0862886 0.0611214 -0.0201016 0.134241 0.0509615 -0.00724072 0.011846 0.062447
internal_weight=1918.5 915.659 1002.84 153.746 938.804 95.7586 75.8726 895.972 569.854 326.118 234.354 67.6537 512.626 220.164 292.462 91.7635 761.912 74.0894 190.784 69.1881 29.9577 129.41 124.766 81.1974 58.3506 26.9813 166.7 138.966 71.9974 22.5754
internal_count=1200439 1005053 195386 103004 133679 34724 19008 104014 83129 20885 13648 5869 55056 35959 19097 7237 902049 63249 15701 3706 6773 7781 6917 4076 2703 3907 7779 31883 6594 3531
is_linear=0
shrinkage=0.05


Tree=19
num_leaves=31
num_cat=0
split_feature=41 28 26 31 33 0 0 7 12 12 34 23 1 35 0 1 18 24 11 23 34 41 43 1 26 21 33 1 10 28
split_gain=799.634 173.232 123.488 91.7505 86.0283 130.193 72.5519 50.5234 58.2883 48.0831 82.2946 53.1273 51.0036 45.2049 49.455 40.5935 43.4949 42.0439 36.9459 31.14 29.6246 25.8057 23.951 23.8665 23.091 29.2055 22.1376 24.2124 23.3304 20.9565
threshold=4.5405309200286874 1008.4246826171876 8.8248171806335467 39.748394012451179 5.8995838165283212 12.250000000000002 34.750000000000007 2.5000000000000004 1.9438038468360903 1.884119510650635 -6.1135559082031241 27.3178825378418 88.250000000000014 10.01405715942383 17.750000000000004 69.750000000000014 2.2176876068115239 27.713012695312504 2.0037841796875004 28.864654541015629 -1.5884399414062498 4.7990603446960458 5.4617357254028329 83.750000000000014 7.8361475467681894 2.1703048944473271 15.681215763092043 88.250000000000014 1.4914903640747073 1002.6240844726564
decision_type=2 2 2 2 2 2 2 2 2 2 2 2 2 2 2 2 2 2 2 2 2 2 2 2 2 2 2 2 2 2
left_child=2 4 -1 26 7 20 -4 -2 -9 10 15 23 13 -13 24 16 -7 -17 -12 -18 -6 -14 -20 29 -15 -26 -3 -28 -29 -11
right_child=1 3 6 -5 5 9 -8 8 -10 11 18 12 21 14 -16 17 19 -19 22 -21 -22 -23 -24 -25 25 -27 27 28 -30 -31
leaf_value=-0.046026461577652368 0.076461390300159277 -0.015480041404729396 -0.014158253404752541 -0.042022819699520118 -0.034241176043450249 -0.018853267547148393 0.097398550898663783 0.07224409716607913 -0.026495440156112472 0.026805996116120969 -0.02413978091963891 0.083053427850202671 0.057374427075084979 0.08220587628391901 -0.020588618358920577 0.05588360906847694 0.10287074046376386 -0.0057172671142224421 0.063519130733787288 -0.01431495378579975 0.029968465769299846 -0.02261194609505562 -0.014687986877080773 0.036205188049332558 0.046095145138192427 -0.011431166245178172 -0.00064919148718775815 0.12199946607683435 -0.009858098050632114 -0.019946247656862162
leaf_weight=662.25222909636796 146.30330220411997 5.8585107043618363 29.931862012366764 119.91355831059627 93.17920530657284 7.2125294583966015 14.96136156603461 14.188274642743634 30.080059049534611 29.048852644278668 111.27687986771343 127.69859057461144 3.4540260884095906 36.250843916612212 23.976880857837386 35.946102552174125 37.293152845581062 65.647959676047321 14.041089078062216 3.884601858444511 13.691155338368842 30.471387877420057 11.30045264441287 69.182070164592005 78.555649274261668 24.824115531286225 8.1557716200477461 7.3996297243284044 2.4222352728829719 52.193320013931952
leaf_count=855097 5722 1791 11491 123244 65115 2557 2485 1548 1424 707 56051 13944 839 578 1704 5484 862 12393 480 531 6096 11306 671 3906 2756 801 3013 1397 412 5652
internal_value=0.00132145 0.0260526 -0.0405435 -0.0241713 0.0330278 0.0258132 0.0339903 0.0630034 0.0126321 0.033041 0.0160604 0.0427311 0.0539316 0.0604794 0.0390908 0.0404849 0.0743585 0.019133 -0.011686 0.0911788 -0.0241549 -0.00326052 0.0343564 0.0166622 0.0500298 0.0324917 0.0515132 0.0710746 0.100913 -0.0021238
internal_weight=1910.6 1203.45 707.145 143.75 1059.7 869.129 44.8932 190.572 44.2683 762.259 286.603 475.656 325.231 291.306 163.607 149.984 48.3903 101.594 136.618 41.1778 106.87 33.9254 25.3415 150.424 139.631 103.38 23.8361 17.9776 9.82186 81.2422
internal_count=1200057 330984 869073 129857 201127 192433 13976 8694 2972 121222 79029 42193 31928 19783 5839 21827 3950 17877 57202 1393 71211 12145 1151 10265 4135 3557 6613 4822 1809 6359
is_linear=0
shrinkage=0.05


Tree=20
num_leaves=31
num_cat=4
split_feature=5 45 29 5 7 23 25 41 45 5 32 45 5 16 25 45 29 23 29 15 36 36 41 7 45 23 18 25 39 45
split_gain=992.951 233.807 50.1224 113.656 63.6369 47.5458 47.5441 43.637 58.0086 40.0527 39.1743 36.4003 32.6998 31.2069 31.1288 36.7807 31.3196 28.4282 28.3423 27.8307 25.7611 25.0493 30.3807 24.3608 23.3581 21.3287 21.2675 20.7318 20.6962 19.8492
threshold=0 4.5112390518188485 0.99386215209960949 1 1.5000000000000002 -12.722831726074217 9.5912408828735369 5.8716146945953378 6.6496808528900155 2 900.29299926757824 10.129873275756838 3 2.2563606500625615 6.1968655586242685 9.7148294448852557 0.87002182006835949 27.3178825378418 0.39859390258789068 2.5506347417831425 125.79631805419923 68.145275115966811 7.7416529655456552 2.5000000000000004 5.3441243171691903 28.109313964843754 2.6347239017486577 7.7137098312377939 2.0464854240417485 3.7729349136352544
decision_type=9 2 2 9 2 2 2 2 2 9 2 2 9 8 2 2 2 2 2 8 2 2 2 2 2 2 2 2 2 2
left_child=1 5 3 -3 21 18 19 9 12 -5 28 -8 17 24 -10 16 -16 -9 29 -6 -13 -4 26 -21 -12 -19 -23 -18 -11 -1
right_child=-2 2 4 7 6 -7 11 8 14 10 13 20 -14 -15 15 -17 27 25 -20 23 -22 22 -24 -25 -26 -27 -28 -29 -30 -31
leaf_value=-0.0096799357342299622 -0.0454870896537998 -0.019975113703638057 0.017427122513876497 -0.010639069349528626 0.070543425429606899 -0.042285547804870489 -0.020197959169534895 -0.014642920862026513 0.069431113215232307 0.081436408664979767 0.0030743896138980889 0.053046712014983434 -0.020532786654874562 -0.018414413261062808 -0.024037314915423318 0.044601885225464766 0.056503196150763081 0.09905402089474602 -0.020853553518118517 0.05136548711187934 -0.014807781563444906 0.10050711785662599 -0.012985880499322575 -0.013116564100346334 0.062936756628136567 -0.011958370914148572 0.0068497827333286665 -0.00064268197279600649 0.015170772750189297 0.098969682678254359
leaf_weight=3.6358471368439513 692.74373051995644 96.131744539306965 19.788608900795225 24.633823539305013 77.365101510542445 118.72489279560978 51.587831377750263 9.659851665201133 50.462777176813688 130.37390608689748 25.484436998725869 36.736505703651346 83.317948163021356 21.378977225045674 47.073778397985734 107.96496562741231 20.750295157544315 7.9513264988781867 8.8457563563715649 15.958887455053626 14.773276903433723 95.511073393397965 4.5913375738309687 26.564135841152165 41.162290245643817 3.1268745005945675 8.0491733679082227 32.341740824165754 18.54945662553655 4.4235699606942944
leaf_count=3689 899790 47797 2684 9375 5812 138189 3543 2368 976 14516 5120 1099 21395 2313 9173 4407 1969 981 7248 626 483 2663 483 1384 3071 2181 218 4580 551 1418
internal_value=0.00147296 0.028717 0.036784 0.0285214 0.0524849 -0.0311797 0.0338444 0.0359355 0.0241775 0.052069 0.0568826 0.00767861 -0.00690983 0.0280667 0.0364783 0.0256719 0.00307153 0.0327285 0.0335438 0.0540221 0.0343422 0.0801644 0.089197 0.0162556 0.0434341 0.0769124 0.0944719 0.0271077 0.0746565 0.0717355
internal_weight=1899.66 1206.92 1071.29 720.364 350.926 135.63 222.986 624.232 362.65 261.583 236.949 103.098 104.056 88.0257 258.594 208.131 100.166 20.7381 16.9052 119.888 51.5098 127.94 108.152 42.523 66.6467 11.0782 103.56 53.092 148.923 8.05942
internal_count=1200102 300312 149768 130773 18995 150544 12947 82976 48030 34946 25571 5125 26925 10504 21105 20129 15722 5530 12355 7822 1582 6048 3364 2010 8191 3162 2881 6549 15067 5107
cat_boundaries=0 32 45 74 87
cat_threshold=64 0 0 1792 0 0 61696 0 0 471040 0 0 12779520 0 0 0 0 0 0 0 0 0 0 0 0 384 0 0 15872 0 0 65536 64 0 0 1792 0 0 0 0 0 8192 0 0 8519680 0 0 0 0 0 0 4096 0 0 4096 0 0 65536 0 0 0 0 0 0 0 0 0 0 0 0 0 0 0 8192 0 0 0 0 0 0 4096 0 0 65536 0 0 65536
is_linear=0
shrinkage=0.05


Tree=21
num_leaves=31
num_cat=3
split_feature=5 45 33 10 30 0 28 43 45 10 41 5 13 12 22 30 38 28 20 5 43 28 15 38 38 0 28 39 0 15
split_gain=912.823 206.016 59.8065 84.0347 64.9024 99.3435 57.4725 41.6719 57.4039 62.1209 45.8153 40.828 40.5124 39.8355 60.2814 46.4348 36.5768 32.248 28.8731 44.9366 41.6228 36.2478 30.9759 39.0773 26.8897 26.6401 26.2667 24.9333 25.9729 34.8065
threshold=0 3.7729349136352544 19.546560287475589 2.547477245330811 4.2812500000000009 32.750000000000007 1008.4246826171876 5.6224665641784677 7.3105108737945566 1.550650477409363 7.5057685375213632 1 2.0939799547195439 1.592425584793091 4.684925079345704 373.81250000000006 2.519600629806519 1003.4522094726564 1.8205658793449404 2 10.466223716735842 1002.6240844726564 2.1977378129959111 2.3481836318969731 1.7214438915252688 14.250000000000002 1003.1121826171876 1.2546123862266543 17.750000000000004 1.7316813468933108
decision_type=9 2 2 2 2 2 2 2 2 2 2 9 2 2 2 2 2 2 2 9 2 2 10 2 2 2 2 2 2 10
left_child=1 -1 4 11 5 -3 7 10 9 -9 13 -4 26 -6 15 -15 -8 24 19 21 22 27 -20 -24 -11 -5 -7 -10 -29 -30
right_child=-2 2 3 25 6 12 16 8 18 17 -12 -13 -14 14 -16 -17 -18 -19 20 -21 -22 -23 23 -25 -26 -27 -28 28 29 -31
leaf_value=-0.042942784537710436 -0.04513110823446409 -0.020152330817906402 0.031865483426232501 -0.015342221349492674 0.018461779337284601 -0.003686740010121611 -0.032941913057428295 0.05700525860831062 -0.0014548109410014694 0.035447679395342171 -0.023832507219197545 -0.038146191119473406 -0.0056094220900841981 0.00095791112070081001 0.047081127084379185 0.13723517094804583 0.047784281951823465 -0.032120877634377161 0.0758886795953361 -0.007583658399414793 -0.0027036679847231571 -0.0011283966174459941 0.065527295344033273 0.0047637080831640808 -0.027381287249519628 0.061759280020129675 0.17357671183321377 0.077950858409894352 0.052803800616113089 -0.015980176215417224
leaf_weight=88.607329573482275 661.82261538523016 10.051740342518313 12.330199055490082 9.8456783954170515 51.790019968349952 1.8177064441843018 44.901652695611119 32.03153274464421 20.223055105831008 38.882470863754861 11.923414556833448 75.921196831273846 3.3967125616036347 7.3485550673212847 116.78764360729838 38.024487291579135 9.3084478174569067 74.548832021071576 115.30948544800049 76.715302762459032 31.148445939761586 44.64429056138033 39.598157378612086 60.394855936523527 17.300810914195608 43.082239520852454 17.59140420408221 66.367407054873183 36.517469157115556 24.284369560657069
leaf_count=112924 899914 8520 7228 4794 13871 122 25478 4434 1890 1489 3574 62398 282 1071 3616 2227 2661 8861 2835 10149 1982 4337 1579 2336 1862 5286 1689 1237 747 754
internal_value=0.00136638 0.026886 0.032915 0.00228228 0.0372129 0.0995488 0.0340688 0.0370593 0.0300471 0.00385194 0.0559402 -0.026756 0.142368 0.0612515 0.0730514 0.119323 -0.0137973 -0.0122967 0.0380918 0.0251918 0.0506284 0.0365772 0.0581216 0.0325964 0.0148865 0.0472579 0.161367 0.049668 0.0573112 0.0269545
internal_weight=1882.52 1220.69 1132.09 141.179 990.908 32.8576 958.051 903.841 677.966 162.764 225.874 88.2514 22.8058 213.951 162.161 45.373 54.2101 130.732 515.203 268.752 246.451 192.037 215.302 99.993 56.1833 52.9279 19.4091 147.392 127.169 60.8018
internal_count=1200147 300233 187309 79706 107603 10613 96990 68851 44492 16646 24359 69626 2093 20785 6914 3298 28139 12212 27846 19114 8732 8965 6750 3915 3351 10080 1811 4628 2738 1501
cat_boundaries=0 32 64 93
cat_threshold=64 0 0 1792 0 0 61696 0 0 471040 0 0 12779520 0 0 0 0 0 0 0 0 0 0 0 0 384 0 0 15872 0 0 65536 64 0 0 0 0 0 0 0 0 0 0 0 0 0 0 0 0 0 0 0 0 0 0 0 0 128 0 0 8704 0 0 65536 0 0 0 256 0 0 256 0 0 471040 0 0 196608 0 0 0 0 0 0 0 0 0 0 0 0 0 0 0 2048
is_linear=0
shrinkage=0.05


end of trees

feature_importances:
exp_climatology=42
latitude=36
blend_pred=34
now_t2m_C_mean=32
region_id=31
now_msl_anom=27
longitude=25
mae7_climatology=22
now_msl_hPa_mean=21
now_msl_hPa_min=21
now_cape_max=21
exp_recent3=21
mae7_recent3=19
rmse30_climatology=19
now_ssrd_MJ=18
now_t2m_C_max=16
rmse30_persistence=14
regmae_persistence=14
now_tcc_mean=14
mae7_persistence=13
regmae_climatology=13
rmse30_anom_persistence=12
regmae_anom_persistence=12
now_blh_mean=12
now_tp7=12
now_rh_pct_mean=11
now_anomaly=11
now_wind_speed_mean=10
now_wind_speed_max=10
expert_range=10
lead_days=9
rmse30_recent3=9
regmae_recent3=9
now_tp3=9
mae7_anom_persistence=8
exp_anom_persistence=8
season_id=7
now_target_tendency=7
regime_id=6
expert_spread=6
now_tp_mm=4
elev_proxy_m=2
exp_persistence=2
lead_bucket_id=1

parameters:
[boosting: gbdt]
[objective: binary]
[metric: binary_logloss]
[tree_learner: serial]
[device_type: cpu]
[data_sample_strategy: bagging]
[data: ]
[valid: ]
[num_iterations: 1000]
[learning_rate: 0.05]
[num_leaves: 31]
[num_threads: 16]
[seed: 42]
[deterministic: 0]
[force_col_wise: 0]
[force_row_wise: 0]
[histogram_pool_size: -1]
[max_depth: -1]
[min_data_in_leaf: 100]
[min_sum_hessian_in_leaf: 0.001]
[bagging_fraction: 0.8]
[pos_bagging_fraction: 1]
[neg_bagging_fraction: 1]
[bagging_freq: 1]
[bagging_seed: 400]
[bagging_by_query: 0]
[feature_fraction: 0.6]
[feature_fraction_bynode: 1]
[feature_fraction_seed: 30056]
[extra_trees: 0]
[extra_seed: 12879]
[early_stopping_round: 0]
[early_stopping_min_delta: 0]
[first_metric_only: 0]
[max_delta_step: 0]
[lambda_l1: 0]
[lambda_l2: 10]
[linear_lambda: 0]
[min_gain_to_split: 0]
[drop_rate: 0.1]
[max_drop: 50]
[skip_drop: 0.5]
[xgboost_dart_mode: 0]
[uniform_drop: 0]
[drop_seed: 17869]
[top_rate: 0.2]
[other_rate: 0.1]
[min_data_per_group: 100]
[max_cat_threshold: 32]
[cat_l2: 10]
[cat_smooth: 10]
[max_cat_to_onehot: 4]
[top_k: 20]
[monotone_constraints: ]
[monotone_constraints_method: basic]
[monotone_penalty: 0]
[feature_contri: ]
[forcedsplits_filename: ]
[refit_decay_rate: 0.9]
[cegb_tradeoff: 1]
[cegb_penalty_split: 0]
[cegb_penalty_feature_lazy: ]
[cegb_penalty_feature_coupled: ]
[path_smooth: 0]
[interaction_constraints: ]
[verbosity: -1]
[saved_feature_importance_type: 0]
[use_quantized_grad: 0]
[num_grad_quant_bins: 4]
[quant_train_renew_leaf: 0]
[stochastic_rounding: 1]
[linear_tree: 0]
[max_bin: 255]
[max_bin_by_feature: ]
[min_data_in_bin: 3]
[bin_construct_sample_cnt: 200000]
[data_random_seed: 175]
[is_enable_sparse: 1]
[enable_bundle: 1]
[use_missing: 1]
[zero_as_missing: 0]
[feature_pre_filter: 1]
[pre_partition: 0]
[two_round: 0]
[header: 0]
[label_column: ]
[weight_column: ]
[group_column: ]
[ignore_column: ]
[categorical_feature: 5,6,8,9]
[forcedbins_filename: ]
[precise_float_parser: 0]
[parser_config_file: ]
[objective_seed: 16083]
[num_class: 1]
[is_unbalance: 0]
[scale_pos_weight: 1]
[sigmoid: 1]
[boost_from_average: 1]
[reg_sqrt: 0]
[alpha: 0.9]
[fair_c: 1]
[poisson_max_delta_step: 0.7]
[tweedie_variance_power: 1.5]
[lambdarank_truncation_level: 30]
[lambdarank_norm: 1]
[label_gain: ]
[lambdarank_position_bias_regularization: 0]
[eval_at: ]
[multi_error_top_k: 1]
[auc_mu_weights: ]
[num_machines: 1]
[local_listen_port: 12400]
[time_out: 120]
[machine_list_filename: ]
[machines: ]
[gpu_platform_id: -1]
[gpu_device_id: -1]
[gpu_device_id_list: ]
[gpu_use_dp: 0]
[num_gpu: 1]

end of parameters

pandas_categorical:[]
